

"Period",1.0000000000,2.0000000000,3.0000000000,4.0000000000,5.0000000000,6.0000000000,7.0000000000,8.0000000000,9.0000000000,10.0000000000,11.0000000000,12.0000000000,13.0000000000,14.0000000000,15.0000000000,16.0000000000,17.0000000000,18.0000000000,19.0000000000,20.0000000000,21.0000000000,22.0000000000,23.0000000000,24.0000000000,25.0000000000,26.0000000000,27.0000000000,28.0000000000,29.0000000000,30.0000000000,31.0000000000,32.0000000000,33.0000000000,34.0000000000,35.0000000000,36.0000000000,37.0000000000,38.0000000000,39.0000000000,40.0000000000,41.0000000000,42.0000000000,43.0000000000,44.0000000000,45.0000000000,46.0000000000,47.0000000000,48.0000000000,49.0000000000,50.0000000000,51.0000000000,52.0000000000,53.0000000000,54.0000000000,55.0000000000,56.0000000000,57.0000000000,58.0000000000,59.0000000000,60.0000000000,61.0000000000,62.0000000000,63.0000000000,64.0000000000,65.0000000000,66.0000000000,67.0000000000,68.0000000000,69.0000000000,70.0000000000,71.0000000000,72.0000000000,73.0000000000,74.0000000000,75.0000000000,76.0000000000,77.0000000000,78.0000000000,79.0000000000,80.0000000000,81.0000000000,82.0000000000,83.0000000000,84.0000000000,85.0000000000,86.0000000000,87.0000000000,88.0000000000,89.0000000000,90.0000000000,91.0000000000,92.0000000000,93.0000000000,94.0000000000,95.0000000000,96.0000000000,97.0000000000,98.0000000000,99.0000000000,100.0000000000
"Year",2015.0000000000,2020.0000000000,2025.0000000000,2030.0000000000,2035.0000000000,2040.0000000000,2045.0000000000,2050.0000000000,2055.0000000000,2060.0000000000,2065.0000000000,2070.0000000000,2075.0000000000,2080.0000000000,2085.0000000000,2090.0000000000,2095.0000000000,2100.0000000000,2105.0000000000,2110.0000000000,2115.0000000000,2120.0000000000,2125.0000000000,2130.0000000000,2135.0000000000,2140.0000000000,2145.0000000000,2150.0000000000,2155.0000000000,2160.0000000000,2165.0000000000,2170.0000000000,2175.0000000000,2180.0000000000,2185.0000000000,2190.0000000000,2195.0000000000,2200.0000000000,2205.0000000000,2210.0000000000,2215.0000000000,2220.0000000000,2225.0000000000,2230.0000000000,2235.0000000000,2240.0000000000,2245.0000000000,2250.0000000000,2255.0000000000,2260.0000000000,2265.0000000000,2270.0000000000,2275.0000000000,2280.0000000000,2285.0000000000,2290.0000000000,2295.0000000000,2300.0000000000,2305.0000000000,2310.0000000000,2315.0000000000,2320.0000000000,2325.0000000000,2330.0000000000,2335.0000000000,2340.0000000000,2345.0000000000,2350.0000000000,2355.0000000000,2360.0000000000,2365.0000000000,2370.0000000000,2375.0000000000,2380.0000000000,2385.0000000000,2390.0000000000,2395.0000000000,2400.0000000000,2405.0000000000,2410.0000000000,2415.0000000000,2420.0000000000,2425.0000000000,2430.0000000000,2435.0000000000,2440.0000000000,2445.0000000000,2450.0000000000,2455.0000000000,2460.0000000000,2465.0000000000,2470.0000000000,2475.0000000000,2480.0000000000,2485.0000000000,2490.0000000000,2495.0000000000,2500.0000000000,2505.0000000000,2510.0000000000
"Industrial Emissions GTCO2 per year",35.7403846239,11.0344108630,6.7860920555,0.7045833671,0.0000000000,0.0000000000,0.0000000000,0.0000000000,0.0000000000,0.0000000000,0.0000000000,0.0000000000,0.0000000000,0.0000000000,0.0000000000,0.0000000000,0.0000000000,0.0000000000,0.0000000000,0.0000000000,0.0238740175,0.3763171148,0.6621020036,0.9394388264,1.2121390198,1.4828149416,1.7499182691,1.9619179263,2.1147316945,2.2440827562,2.3597749529,0.0318145906,-2.9576321113,-5.7774625653,-8.4271412660,-10.9131015383,-13.2489670476,-14.6662724354,-14.4105018393,-14.1480010078,-13.8794200732,-13.6053814075,-13.3266098413,-13.0438867174,-12.7580064570,-12.4697497503,-12.1798683744,-11.8890767945,-11.5980479402,-11.3074136977,-11.0177586102,-10.7295996274,-10.4434196622,-10.1596714326,-9.8787734565,-9.6011074776,-9.3270179950,-9.0568133890,-8.7907675219,-8.5291217326,-8.2720868436,-8.0198450875,-7.7725520495,-7.5303382861,-7.2933109942,-7.0615555424,-6.8351367949,-6.6141001513,-6.3984723646,-3.6216649039,0.0000000000,0.0000000000,0.0000000000,0.0000000000,0.0000000000,0.0000000000,0.0000000000,0.0000000000,0.0000000000,0.0000000000,0.0000000000,0.0000000000,0.0000000000,0.0000000000,0.0000000000,0.0000000000,0.0000000000,0.0000000000,0.0000000000,0.0000000000,0.0000000000,0.0000000000,0.0000000000,0.0000000000,0.0000000000,0.0000000000,0.0000000000,0.0000000000,11.1090047005,10.7102336984
"Atmospheric concentrations ppm",399.2345619796,415.3428888484,410.8326328329,408.8453487690,404.5597456017,401.5849208233,399.3182190837,397.4332604250,395.8191542048,394.4068954944,393.1463598577,392.0027686404,390.9507340374,389.9724274633,389.0550885714,388.1888184997,387.3661586308,386.5813350570,385.8286089583,385.1039851114,384.4041125722,383.7417068678,383.3212179641,383.0345338675,382.8697358366,382.8184918711,382.8749745686,383.0329935734,383.2543689692,383.5087084328,383.7926165884,384.1044142563,382.8789588303,380.1426424965,376.2560354315,371.4049682115,365.7318429402,359.3572210132,352.8901865122,347.2729706104,342.1727026967,337.4907992695,333.1737305966,329.1792488793,325.4705314443,322.0151425959,318.7847723855,315.7550681544,312.9054356796,310.2188587102,307.6813089080,305.2805269012,303.0071090307,300.8542003500,298.8168665999,296.8915168819,295.0754345910,293.3664149118,291.7624935299,290.2617501821,288.8621720890,287.5615646787,286.3574989958,285.2472869023,284.2279770127,283.2963654130,282.4490166578,281.6822916119,280.9923796028,280.3753329790,281.4760916692,284.1341144622,285.6279119940,286.8128688491,287.8157815121,288.7024756187,289.5079064559,290.2510647222,290.9427232428,291.5894216988,292.1955044979,292.7641590077,293.2979431307,293.7990530911,294.2694595659,294.7109773450,295.1253015614,295.5140271805,295.8786601425,296.2206243655,296.5412667023,296.8418608887,297.1236109888,297.3876545791,297.6350657864,297.8668582256,298.0839878593,298.2873557810,298.4778109229,305.7934717336
"Atmospheric Temperature rel. 1850-1900",1.0779808566,1.1742260988,1.3332068979,1.3850865300,1.4057270212,1.4133325461,1.4193759138,1.4285124835,1.4379423164,1.4428468388,1.4456600897,1.4464354555,1.4479519955,1.4522161637,1.4584945369,1.4670606345,1.4777077057,1.4852488228,1.4916543653,1.4960915259,1.4988356593,1.5000000000,1.5000000000,1.5000000000,1.5000000000,1.5000000000,1.5000000000,1.5000000000,1.5000000000,1.5000000000,1.5000000000,1.5000000000,1.5000000000,1.4932674616,1.4775513483,1.4534964877,1.4219567399,1.3836625812,1.3392080964,1.2914384982,1.2457507433,1.2025572578,1.1616297434,1.1227150480,1.0855904818,1.0500575315,1.0159369734,0.9830678890,0.9512038209,0.9204569388,0.8922940402,0.8666972992,0.8431903266,0.8213304274,0.8007991754,0.7813879669,0.7629662173,0.7454542722,0.7288041868,0.7129869530,0.6979842282,0.6837830408,0.6703724297,0.6577413397,0.6458773432,0.6347659099,0.6243900430,0.6147301656,0.6057641741,0.5974676059,0.5898138838,0.5924784863,0.6077266801,0.6204634676,0.6306104854,0.6388780608,0.6458841995,0.6520365458,0.6575798903,0.6626570665,0.6673523906,0.6717179604,0.6757884342,0.6795890122,0.6831396479,0.6864572434,0.6895567879,0.6924519525,0.6951554051,0.6976789850,0.7000338046,0.7022303159,0.7042783578,0.7061871936,0.7079655438,0.7096216158,0.7111631306,0.7125973497,0.7139539184,0.7153138503
"Ocean Temperature rel. 1850-1900",0.1531305539,0.1695737179,0.1879736276,0.2076699365,0.2275966162,0.2474064324,0.2669963784,0.2863899772,0.3056146606,0.3246305499,0.3433893949,0.3618609983,0.3800435000,0.3979739870,0.4156954577,0.4332478560,0.4506702919,0.4679485397,0.4850524600,0.5019577209,0.5186373992,0.5350680330,0.5512314371,0.5671240909,0.5827505296,0.5981152127,0.6132225246,0.6280767767,0.6426822078,0.6570429860,0.6711632093,0.6850469072,0.6986980418,0.7120539731,0.7249846243,0.7373530094,0.7490373045,0.7599308097,0.7699395005,0.7790031262,0.7871353227,0.7943906409,0.8008232940,0.8064825174,0.8114127823,0.8156543235,0.8192435676,0.8222135093,0.8245930501,0.8264100232,0.8277070615,0.8285359822,0.8289429038,0.8289655255,0.8286347275,0.8279766244,0.8270141699,0.8257682491,0.8242583765,0.8225031237,0.8205203706,0.8183274437,0.8159411815,0.8133779562,0.8106536668,0.8077837172,0.8047829853,0.8016657896,0.7984458562,0.7951362872,0.7917495350,0.7883932801,0.7852622392,0.7824142461,0.7798017171,0.7773843470,0.7751334922,0.7730292619,0.7710573175,0.7692066534,0.7674682625,0.7658343829,0.7642980826,0.7628530330,0.7614933820,0.7602136792,0.7590088301,0.7578740632,0.7568049064,0.7557971663,0.7548469109,0.7539504537,0.7531043390,0.7523053280,0.7515503862,0.7508366707,0.7501615189,0.7495224377,0.7489173187,0.7483450927
"Output Net Net) ",104.8881255799,121.6655654225,141.2015634962,161.9041661277,186.7333682265,214.7698004515,245.7580819004,279.6475723807,316.4246659934,356.1056681048,398.7107101070,444.2715283530,492.8165369502,544.3729759599,598.9742459314,656.6498522105,717.4274073868,781.3578409594,848.4642472333,918.7734351460,992.3083977912,1069.1760235318,1149.2959357214,1232.6640201223,1319.2696095627,1409.0988258009,1502.1335324748,1598.3396870328,1697.6894603021,1800.1669420480,1905.7622177424,2013.8917450419,2124.7072737916,2238.4162950818,2355.0688881257,2474.6478095686,2597.0906886884,2722.5204382865,2851.1273795670,2982.4618025206,3116.2803663685,3252.4127216334,3390.7162815248,3531.0622482761,3673.3295059205,3817.4012718237,3963.1631591132,4110.5020412141,4259.3074884330,4409.4639473961,4560.8293745713,4713.2804153495,4866.7050090907,5020.9953490759,5176.0449223315,5331.7474981357,5487.9969619760,5644.6876306945,5801.7145795245,5958.9740557764,6116.3638419570,6273.7835456488,6431.1349120407,6588.3219033322,6745.2508144699,6901.8302841669,7057.9711016063,7213.5856657143,7368.5870618174,7523.1985323172,7677.2051036459,7829.9480402742,7981.4517161928,8131.9128818841,8281.3327653423,8429.6779329973,8576.9008178078,8722.9474437916,8867.7621848236,9011.2879203142,9153.4652297675,9294.2255343119,9433.4862922065,9571.1351155538,9707.0053779479,9840.8326309201,9972.1777743109,10100.2911199387,10223.8703653910,10340.6251790697,10446.4789528250,10627.1121044885,10790.5044810584,10941.1279263691,11082.1473997839,11215.8111224439,11343.7202932640,11467.0175413296,11586.7152716523,11703.0149620103
"Climate Damages fraction output",0.0027424208,0.0032539844,0.0041947599,0.0045275767,0.0046635216,0.0047141210,0.0047545220,0.0048159291,0.0048797203,0.0049130645,0.0049322421,0.0049375342,0.0049478934,0.0049770790,0.0050202069,0.0050793499,0.0051533434,0.0052060752,0.0052510773,0.0052823641,0.0053017597,0.0053100000,0.0053100000,0.0053100000,0.0053100000,0.0053100000,0.0053100000,0.0053100000,0.0053100000,0.0053100000,0.0053100000,0.0053100000,0.0053100000,0.0052624406,0.0051522528,0.0049858588,0.0047718279,0.0045182722,0.0042326088,0.0039360396,0.0036624720,0.0034128997,0.0031845454,0.0029747542,0.0027812758,0.0026021851,0.0024358219,0.0022807570,0.0021353014,0.0019994887,0.0018790052,0.0017727475,0.0016778890,0.0015920175,0.0015134192,0.0014409385,0.0013737972,0.0013114569,0.0012535271,0.0011997069,0.0011497495,0.0011034398,0.0010605821,0.0010209919,0.0009844918,0.0009509095,0.0009200765,0.0008918279,0.0008660026,0.0008424434,0.0008209978,0.0008284326,0.0008716229,0.0009085408,0.0009385002,0.0009632698,0.0009845127,0.0010033579,0.0010204907,0.0010363100,0.0010510477,0.0010648438,0.0010777884,0.0010899453,0.0011013643,0.0011120876,0.0011221530,0.0011315957,0.0011404488,0.0011487441,0.0011565117,0.0011637807,0.0011705789,0.0011769328,0.0011828679,0.0011884083,0.0011935771,0.0011983962,0.0012029633,0.0012075504
"Consumption Per Capita ",10.4016206513,11.4859852715,12.6906634680,14.0395709836,15.6059730271,17.3783176809,19.3428084573,21.4923446230,23.8244834309,26.3398907833,29.0406054577,31.9295829069,35.0099485661,38.2848248234,41.7574735906,45.4310057256,49.3083940920,53.3931582796,57.6880270837,62.1955990067,66.9182313709,71.8581218231,77.0144678534,82.3865422916,87.9734030360,93.7737165039,99.7855858065,106.0063388082,112.4326007357,119.0598744863,125.8814885212,132.8866515742,140.0766326859,147.4573418066,155.0325787016,162.8036770476,170.7708007839,178.9346268597,187.2917625588,195.8283129813,204.5300487910,213.3850772638,222.3832887314,231.5156816890,240.7739144052,250.1500230952,259.6362583398,269.2249779378,278.9086176321,288.6794316128,298.5289557161,308.4491052375,318.4323054026,328.4713051700,338.5590165690,348.6884368793,358.8526009201,369.0446029940,379.2576003786,389.4848378592,399.7196731978,409.9555840599,420.1862165595,430.4053840969,440.6070894962,450.7855612574,460.9353096763,471.0511826158,481.1285259769,491.1636592764,501.1481430964,511.0661859624,520.9104582040,530.6839336194,540.3871847916,550.0188425022,559.5767635603,569.0582173885,578.4606018876,587.7815672904,597.0200232885,606.1756769461,615.2508466628,624.2516599121,633.1909365875,642.0931471132,651.0031782826,660.0018951005,669.2339438416,678.9581554443,673.7730315731,685.4233436883,695.9616769805,705.6764538504,714.7718057257,723.3927366281,731.6425192447,739.5948496722,747.3150249312,754.8160392656
"Carbon Price (per t CO2)",2.0125964256,323.9781797471,401.0830485595,497.8402951340,497.0283398438,484.6026313477,472.4875655640,460.6753764249,449.1584920142,437.9295297139,426.9812914710,416.3067591843,405.8990902047,395.7516129495,385.8578226258,376.2113770602,366.8060926337,357.6359403178,348.6950418099,339.9776657646,331.3253973188,320.8567422139,311.1224708409,301.7269223416,292.6279578965,283.7945277096,275.2211610891,267.1678444047,259.6272921167,252.3917049377,245.3993712732,250.7430323307,259.4591888377,267.4238399629,274.6591567064,281.2188022830,287.1915559878,288.5515848713,281.3377952495,274.3043503683,267.4467416091,260.7605730689,254.2415587421,247.8855197736,241.6883817793,235.6461722348,229.7550179289,224.0111424807,218.4108639187,212.9505923207,207.6268275127,202.4361568249,197.3752529042,192.4408715816,187.6298497921,182.9391035473,178.3656259586,173.9064853096,169.5588231769,165.3198525975,161.1868562825,157.1571848755,153.2282552536,149.3975488723,145.6626101504,142.0210448967,138.4705187743,135.0087558049,131.6335369098,114.4450588809,93.4729153871,91.1360925024,88.8576901898,86.6362479351,84.4703417367,82.3585831933,80.2996186135,78.2921281481,76.3348249444,74.4264543208,72.5657929628,70.7516481387,68.9828569353,67.2582855119,65.5768283741,63.9374076647,62.3389724731,60.7804981613,59.2609857072,57.7794610646,56.3349745380,54.9266001745,53.5534351701,52.2145992909,50.9092343086,49.6365034509,48.3955908646,47.1857010930,0.0000000000,0.0000000000
"Emissions Control Rate",0.0300000000,0.7298234018,0.8473034827,0.9853055817,1.0000000000,1.0000000000,1.0000000000,1.0000000000,1.0000000000,1.0000000000,1.0000000000,1.0000000000,1.0000000000,1.0000000000,1.0000000000,1.0000000000,1.0000000000,1.0000000000,1.0000000000,1.0000000000,0.9997118212,0.9954792663,0.9920691967,0.9887597015,0.9854882918,0.9822085478,0.9789250753,0.9762488733,0.9742300230,0.9724372419,0.9707506238,0.9996015847,1.0374666981,1.0741209707,1.1096130018,1.1440633469,1.1776785297,1.2000000000,1.2000000000,1.2000000000,1.2000000000,1.2000000000,1.2000000000,1.2000000000,1.2000000000,1.2000000000,1.2000000000,1.2000000000,1.2000000000,1.2000000000,1.2000000000,1.2000000000,1.2000000000,1.2000000000,1.2000000000,1.2000000000,1.2000000000,1.2000000000,1.2000000000,1.2000000000,1.2000000000,1.2000000000,1.2000000000,1.2000000000,1.2000000000,1.2000000000,1.2000000000,1.2000000000,1.2000000000,1.1170495074,1.0000000000,1.0000000000,1.0000000000,1.0000000000,1.0000000000,1.0000000000,1.0000000000,1.0000000000,1.0000000000,1.0000000000,1.0000000000,1.0000000000,1.0000000000,1.0000000000,1.0000000000,1.0000000000,1.0000000000,1.0000000000,1.0000000000,1.0000000000,1.0000000000,1.0000000000,1.0000000000,1.0000000000,1.0000000000,1.0000000000,1.0000000000,1.0000000000,0.0000000000,0.0000000000
"Social cost of carbon",207.0393927133,260.7344925762,327.7848742129,412.9030893493,523.8932807168,667.1585515513,850.3184931404,1083.1399444111,1378.2757943776,1752.2758259978,2226.8062072641,2830.5945937744,3602.0070185799,4592.8418222253,5874.1207959825,7544.5583389036,9742.8058692633,12652.7211869057,16336.2639594201,18898.8905459604,324.1336724749,314.3184950655,305.2995661440,296.7076078614,288.5266375989,280.7526114129,273.4088468077,266.7874787078,260.9128124924,255.6097863420,250.8574159741,258.8557288614,270.5680681769,281.7631048460,292.3752581755,302.3761305980,311.7742211099,320.5714408435,328.8004712738,336.6292467494,344.0878157556,351.1957813306,357.9797850653,364.4745817248,370.7230852228,376.7774788047,382.7018210931,388.5795554227,394.4913309676,400.4242663338,406.3337707024,412.1816930235,417.9437056470,423.6072245453,429.1678656158,434.6264621417,439.9869632082,445.2549944377,450.4369522629,455.5394838177,460.5693104127,465.5334110724,470.4398173499,475.2992345037,480.1282960824,484.9555649978,489.8315428747,494.8414403263,500.1038872632,505.3938960787,510.2565957640,514.2697644329,516.8288651080,517.9011104003,517.4753731744,515.5254891724,512.0106081626,506.8813517314,500.0862490567,491.5760903209,481.3077397412,469.2458588097,455.3664961223,439.6602943746,422.1382990355,402.8415689757,381.8555273474,359.3217393695,335.3994360233,308.8316675951,275.4532323302,247.0841378345,216.6263374658,184.3098963474,150.2447094325,114.4300615709,76.8327520778,37.8193564722,0.0000000000,0.0000000000
"Interest Rate ",0.0446132809,0.0447868632,0.0451730431,0.0466169807,0.0471621532,0.0470187619,0.0464962561,0.0457805358,0.0449783206,0.0441421658,0.0433029614,0.0424747105,0.0416654214,0.0408813617,0.0401244412,0.0393956846,0.0386992557,0.0380303801,0.0373886524,0.0367728936,0.0361822547,0.0356047049,0.0350429935,0.0344979296,0.0339693518,0.0334564502,0.0329578709,0.0324726698,0.0319989602,0.0315327302,0.0310665413,0.0306293341,0.0302277587,0.0298534960,0.0294991716,0.0291611174,0.0288391160,0.0285255504,0.0282045372,0.0278783476,0.0275525700,0.0272309415,0.0269155709,0.0266075600,0.0263074117,0.0260152896,0.0257311500,0.0254548686,0.0251860209,0.0249236679,0.0246680332,0.0244193852,0.0241777428,0.0239429432,0.0237147458,0.0234928722,0.0232770707,0.0230670987,0.0228627394,0.0226637994,0.0224700939,0.0222814752,0.0220977949,0.0219189204,0.0217447432,0.0215751893,0.0214102156,0.0212498710,0.0210944764,0.0209409248,0.0207849035,0.0206314855,0.0204862854,0.0203474459,0.0202135209,0.0200838045,0.0199577449,0.0198351988,0.0197160939,0.0196008603,0.0194896682,0.0193835459,0.0192840144,0.0191938341,0.0191178592,0.0190645959,0.0190489448,0.0190970580,0.0192551310,0.0127459626,0.0200587129,0.0195011225,0.0190885673,0.0187765981,0.0185350863,0.0183433510,0.0181870647,0.0180612200,0.0179440073,0.0000000000
"Population",7403.0000000000,7853.0908476727,8264.9206603510,8638.9749595589,8976.5569175846,9279.5429846998,9550.1795276372,9790.9199655999,10004.2989762545,10192.8388950882,10358.9829704432,10505.0502888009,10633.2076774518,10745.4545382608,10843.6172481003,10929.3504090389,11004.1428085735,11069.3264428809,11126.0873632638,11175.4774339743,11218.4263481746,11255.7534487625,11288.1790526787,11316.3350906170,11340.7749569950,11361.9825244520,11380.3803185893,11396.3368766186,11410.1733315252,11422.1692739908,11432.5679497313,11441.5808516530,11449.3917654819,11456.1603251381,11462.0251307443,11467.1064782147,11471.5087451911,11475.3224738905,11478.6261873501,11481.4879716884,11483.9668533978,11486.1139973812,11487.9737484300,11489.5845361332,11490.9796607703,11492.1879755794,11493.2344788639,11494.1408277057,11494.9257835520,11495.6055986273,11496.1943509668,11496.7042348559,11497.1458125759,11497.5282325851,11497.8594185907,11498.1462333795,11498.3946207674,11498.6097285807,11498.7960151984,11498.9573418478,11499.0970525550,11499.2180433989,11499.3228224984,11499.4135619699,11499.4921429307,11499.5601944767,11499.6191274409,11499.6701636319,11499.7143611563,11499.7526363497,11499.7857827701,11499.8144876474,11499.8393461290,11499.8608736175,11499.8795164551,11499.8956611769,11499.9096425242,11499.9217503848,11499.9322358023,11499.9413161817,11499.9491797959,11499.9559896903,11499.9618870620,11499.9669941884,11499.9714169616,11499.9752470846,11499.9785639722,11499.9814363976,11499.9839239186,11499.9860781122,11499.9879436442,11499.9895591951,11499.9909582624,11499.9921698549,11499.9932190940,11499.9941277352,11499.9949146185,11499.9955960595,11499.9961861874,11499.9966972382
"TFP",5.1150000000,5.5357142857,5.9788909260,6.4448082613,6.9336925574,7.4457169695,7.9810008155,8.5396091538,9.1215526619,9.7267878050,10.3552172853,11.0066907583,11.6810058031,12.3779091300,13.0970980090,13.8382219009,14.6008842738,15.3846445844,16.1890204062,17.0134896847,17.8574931007,18.7204365230,19.6016935319,20.5006079960,21.4164966848,22.3486519010,23.2963441179,24.2588246049,25.2353280311,26.2250750319,27.2272747272,28.2411271830,29.2658258048,30.3005596550,31.3445156884,32.3968808973,33.4568443635,34.5235992103,35.5963444528,36.6742867432,37.7566420095,38.8426369862,39.9315106367,41.0225154679,42.1149187373,43.2080035549,44.3010698797,45.3934354161,46.4844364090,47.5734283446,48.6597865564,49.7429067422,50.8222053948,51.8971201506,52.9671100593,54.0316557794,55.0902597031,56.1424460150,57.1877606882,58.2257714225,59.2560675276,60.2782597568,61.2919800937,62.2968814960,63.2926376010,64.2789423944,65.2555098482,66.2220735291,67.1783861815,68.1242192879,69.0593626096,69.9836237100,70.8968274647,71.7988155581,72.6894459718,73.5685924645,74.4361440471,75.2920044541,76.1360916132,76.9683371147,77.7886856825,78.5970946475,79.3935334252,80.1779829984,80.9504354064,81.7108932408,82.4593691494,83.1958853497,83.9204731504,84.6331724842,85.3340314503,86.0231058679,86.7004588417,87.3661603381,88.0202867739,88.6629206168,89.2941499979,89.9140683370,90.5227739797,91.1203698470
"Output gross,gross",105.1774219755,125.7890496685,147.6296899976,171.7279074350,197.4320947625,225.9629678735,257.4281219824,291.7758713229,328.9842302769,369.0564764766,412.0165408080,457.8962797157,506.7343125007,558.5692573003,613.4377789497,671.3766992487,732.4193464702,796.5944687763,863.9365181830,934.4685616249,1008.2077345626,1085.1644657832,1165.3949603426,1248.8856809379,1335.6264105206,1425.6040999468,1518.8025574969,1615.2028544554,1714.7781827995,1817.5035163293,1923.3672946095,2032.3815998344,2144.2660840456,2258.9151464247,2376.3240884625,2496.4686517626,2619.2894965176,2744.6877837463,2872.6420392554,3003.2384948723,3136.3332660722,3271.7660396873,3409.3925193665,3549.0815643640,3690.7100699049,3834.1595003622,3979.3138726490,4126.0586223299,4274.2800713843,4423.8661572914,4574.7043038547,4726.6720552141,4879.6493020293,5033.5206542265,5188.1742342900,5343.5004258423,5499.3911316991,5655.7395937767,5812.4403667670,5969.3894963872,6126.4847299850,6283.6257091269,6440.7142211466,6597.6542409569,6754.3520249229,6910.7161102443,7066.6571166439,7222.0872047830,7376.9191546770,7531.0643975862,7684.5897171736,7837.4546319592,7989.3707581091,8140.2086184508,8289.9606443540,8438.6049408560,8586.1056490893,8732.4168366993,8877.4876576967,9021.2635975901,9163.6865512359,9304.6885285709,9444.1871804047,9582.0700838781,9718.1704219923,9852.2234007891,9983.7893542835,10112.1176572491,10235.9044119706,10352.8565069600,10458.8923986523,10639.7946235257,10803.4338974937,10954.2871976850,11095.5231523049,11229.3926181148,11357.4986964070,11480.9853962982,11600.6704520725,11717.1640282893
"Change tfp",0.0760000000,0.0741235533,0.0722934363,0.0705085050,0.0687676438,0.0670697646,0.0654138062,0.0637987336,0.0622235372,0.0606872326,0.0591888595,0.0577274814,0.0563021848,0.0549120789,0.0535562948,0.0522339852,0.0509443235,0.0496865037,0.0484597395,0.0472632643,0.0460963301,0.0449582077,0.0438481856,0.0427655700,0.0417096843,0.0406798686,0.0396754790,0.0386958880,0.0377404831,0.0368086672,0.0358998580,0.0350134874,0.0341490013,0.0333058594,0.0324835348,0.0316815135,0.0308992941,0.0301363878,0.0293923178,0.0286666189,0.0279588375,0.0272685314,0.0265952689,0.0259386294,0.0252982024,0.0246735875,0.0240643945,0.0234702425,0.0228907601,0.0223255852,0.0217743646,0.0212367536,0.0207124163,0.0202010249,0.0197022598,0.0192158093,0.0187413693,0.0182786432,0.0178273419,0.0173871833,0.0169578922,0.0165392003,0.0161308460,0.0157325740,0.0153441354,0.0149652873,0.0145957931,0.0142354216,0.0138839478,0.0135411519,0.0132068197,0.0128807422,0.0125627155,0.0122525410,0.0119500246,0.0116549775,0.0113672151,0.0110865575,0.0108128294,0.0105458597,0.0102854815,0.0100315321,0.0097838527,0.0095422885,0.0093066885,0.0090769056,0.0088527960,0.0086342197,0.0084210400,0.0082131238,0.0080103411,0.0078125650,0.0076196721,0.0074315417,0.0072480563,0.0070691012,0.0068945644,0.0067243370,0.0065583126,0.0063963873
"Capital",223.0000000000,271.1039094907,317.4095455687,368.9983465941,420.9731534667,481.8077528624,552.0374326370,631.1265264191,718.7626341054,814.8092017926,919.2737097474,1032.2197964665,1153.7637386931,1284.0283654103,1423.1315660667,1571.2058837821,1728.3737183151,1894.7413826119,2070.4835497489,2255.7109217217,2450.5143519386,2654.9599587079,2869.5209110140,3094.1375674728,3328.8087951842,3573.5435231193,3828.3592031182,4093.2859042658,4368.3230881988,4653.5210893202,4949.0821776617,5255.4512681411,5570.5833040748,5893.9488801304,6225.9246053596,6566.7540950405,6916.4061746735,7274.5284524432,7641.4757725157,8018.5912748367,8405.2048744253,8800.5097539438,9203.8499988149,9614.6958782420,10032.5980294910,10457.1555736673,10887.9967162838,11324.7669949956,11767.1228151796,12214.7364929290,12667.2750374081,13124.3116381805,13585.4361838666,14050.2760244229,14518.4837111086,14989.7241711941,15463.6665308914,15939.9811793658,16418.3383287393,16898.4085775229,17379.8638806279,17862.3784530707,18345.6303349268,18829.3010677674,19313.0759490227,19796.6434705808,20279.6929413739,20761.9088746486,21242.9617486103,21722.4886933320,22201.6020818960,22680.3680763624,23156.4390993979,23628.9713894473,24098.2787027415,24564.5188311937,25027.6958873352,25487.6971385527,25944.3426453939,26397.3971988519,26846.5710206556,27291.4582351321,27731.4928103174,28165.7942125738,28592.9279770692,29010.4765697409,29414.2829736423,29797.1158480234,30146.3068285786,30439.5465685646,30637.3270724696,31581.5213279290,32372.3265711491,33050.2925594243,33645.1384166063,34178.5001873162,34666.0570714796,35119.1352532935,35545.8983118714,35952.4741694895
"s",0.2658540015,0.2586194335,0.2571801325,0.2508685535,0.2497971495,0.2491363051,0.2483368526,0.2475177800,0.2467488132,0.2460713566,0.2454902019,0.2450070447,0.2446112783,0.2442904721,0.2440375126,0.2438414791,0.2436912715,0.2435907496,0.2435249555,0.2434854050,0.2434637743,0.2435134302,0.2435776759,0.2436595014,0.2437583957,0.2438746604,0.2440100083,0.2441632039,0.2443403270,0.2445578194,0.2448435289,0.2450272604,0.2451702573,0.2453168999,0.2454627030,0.2455948307,0.2456949066,0.2457971973,0.2459641944,0.2461259963,0.2462756798,0.2464162661,0.2465505306,0.2466802313,0.2468064330,0.2469298136,0.2470508338,0.2471698640,0.2472875300,0.2474040088,0.2475169290,0.2476263193,0.2477327802,0.2478367650,0.2479385253,0.2480381641,0.2481357325,0.2482312326,0.2483246592,0.2484160035,0.2485052501,0.2485923980,0.2486774083,0.2487602179,0.2488407172,0.2489186950,0.2489937367,0.2490651000,0.2491314043,0.2492208518,0.2493236519,0.2493990638,0.2494615270,0.2495257274,0.2495908940,0.2496558764,0.2497194085,0.2497805342,0.2498380556,0.2498904052,0.2499343413,0.2499650906,0.2499738624,0.2499454455,0.2498533390,0.2496513684,0.2492590119,0.2485355668,0.2472342351,0.2449190257,0.2582781457,0.2582781457,0.2582781457,0.2582781457,0.2582781457,0.2582781457,0.2582781457,0.2582781457,0.2582781457,0.2582781457
"I",27.8849278981,31.4650796107,36.3142368062,40.6166639573,46.6454630944,53.5069545299,61.0307885643,69.2177463040,78.0774107959,87.6274048362,97.8795727195,108.8496542155,120.5484830699,132.9851313151,146.1721850671,160.1184712001,174.8307971368,190.3315421461,206.6222180861,223.7079219542,241.5911478063,260.3587209993,279.9428329456,300.3503005934,321.5830435302,343.6434976303,366.5356156833,390.2557389178,414.8139977939,440.2449019258,466.6135466107,493.4583769500,520.9150289815,549.1213462263,578.0815749643,607.7607098186,638.0919540720,669.1878933265,701.2752491848,734.0613825094,767.4640655289,801.4473988417,835.9828984884,871.0432520696,906.6013526466,942.6301843178,979.1027627994,1015.9922304609,1053.2736283587,1090.9190571397,1128.8824802683,1167.1322809275,1205.6423624423,1244.3872442894,1283.3409449243,1322.4768610086,1361.7681459079,1401.1877684271,1440.7087955571,1480.3045199373,1519.9485260398,1559.6148964346,1599.2779622593,1638.9123923033,1678.4930506885,1717.9945876861,1757.3905979393,1796.6524354438,1835.7464420790,1874.9379466741,1914.1088126047,1952.7817107973,1991.0651331288,2029.1214773974,2066.9452480024,2104.5186325407,2141.8185988080,2178.8224724100,2215.5044620346,2251.8343897411,2287.7653026290,2323.2319274108,2358.1250046019,2392.2616304973,2425.3277057123,2456.7773327952,2485.6551789835,2510.2815782959,2527.6907698714,2532.6158438396,2698.0972129813,2744.7508084440,2786.9514884853,2825.8542326384,2862.2764807389,2896.7988991742,2929.8350426311,2961.6800272308,2992.5953350625,3022.6330034331
"Y gross net",104.8889812219,125.3797340685,147.0104188950,170.9503961657,196.5113659317,224.8977511080,256.2041743017,290.3706994192,327.3788792406,367.2432781960,409.9843754778,455.6354011545,504.2270451627,555.7892139714,610.3581943784,667.9665420808,728.6449381015,792.4473380720,859.3999207613,929.5323584844,1002.8624594595,1079.4022424699,1159.2067131032,1242.2540979722,1328.5342342807,1418.0341421761,1510.7377159166,1606.6261272982,1705.6727106488,1807.8525726576,1913.1542142751,2021.5896535392,2132.8800311394,2247.0277396469,2364.0806659082,2484.0216115321,2606.7906978471,2732.2865371067,2860.4832691422,2991.4176291947,3124.8465333085,3260.5998302164,3398.5351539681,3538.5239189811,3680.4451873097,3824.1823075100,3969.6209726749,4116.6480850812,4265.1531953647,4415.0206868835,4566.1084105710,4718.2928589945,4871.4617920069,5025.5072014423,5180.3223518232,5335.8007704319,5491.8360836752,5648.3223351205,5805.1543153611,5962.2279784247,6119.4408073568,6276.6921062882,6433.8833149393,6590.9180896755,6747.7024207378,6904.1446445440,7060.1552514629,7215.6463459425,7370.5307238516,7524.7199021292,7678.2806860350,7830.9618291522,7982.4070399690,8132.8129068133,8282.1805144734,8430.4762874204,8577.6525190158,8723.6550971878,8868.4282641326,9011.9147723169,9154.0550791652,9294.7804882776,9434.0083448403,9571.6261517015,9707.4671762480,9841.2668656000,9972.5860150042,10100.6748283163,10224.2308865760,10340.9637243367,10446.7965672961,10627.4122358564,10790.7876258080,10941.3947374359,11082.3986141505,11216.0475147615,11343.9426463217,11467.2266274936,11586.7152716523,11703.0149620103
"damages",0.2884407535,0.4093155999,0.6192711026,0.7775112693,0.9207288308,1.0652167655,1.2239476807,1.4051719037,1.6053510362,1.8131982807,2.0321653302,2.2608785612,2.5072673379,2.7800433290,3.0795845713,3.4101571678,3.7744083687,4.1471307043,4.5365974217,4.9362031405,5.3452751031,5.7622233133,6.1882472394,6.6315829658,7.0921762399,7.5699577707,8.0648415803,8.5767271572,9.1054721507,9.6509436717,10.2130803344,10.7919462951,11.3860529063,11.8874067778,12.2434225543,12.4470402305,12.4987986705,12.4012466396,12.1587701132,11.8208656775,11.4867327637,11.1662094710,10.8573653983,10.5576453829,10.2648825952,9.9771928522,9.6928999741,9.4105372487,9.1268760196,8.8454704078,8.5958932837,8.3791962196,8.1875100224,8.0134527842,7.8518824667,7.6996554104,7.5550480239,7.4172586562,7.2860514059,7.1615179625,7.0439226283,6.9336028386,6.8309062072,6.7361512814,6.6496041851,6.5714657003,6.5018651810,6.4408588405,6.3884308254,6.3444954569,6.3090311386,6.4928028070,6.9637181401,7.3957116375,7.7801298807,8.1286534357,8.4531300735,8.7617395115,9.0593935641,9.3488252732,9.6314720707,9.9080402933,10.1788355644,10.4439321766,10.7032457443,10.9565351891,11.2033392793,11.4428289327,11.6735253946,11.8927826233,12.0958313562,12.3823876693,12.6462716857,12.8924602491,13.1245381544,13.3451033533,13.5560500853,13.7587688046,13.9551804202,14.1490662790
"damfrac",0.0027424208,0.0032539844,0.0041947599,0.0045275767,0.0046635216,0.0047141210,0.0047545220,0.0048159291,0.0048797203,0.0049130645,0.0049322421,0.0049375342,0.0049478934,0.0049770790,0.0050202069,0.0050793499,0.0051533434,0.0052060752,0.0052510773,0.0052823641,0.0053017597,0.0053100000,0.0053100000,0.0053100000,0.0053100000,0.0053100000,0.0053100000,0.0053100000,0.0053100000,0.0053100000,0.0053100000,0.0053100000,0.0053100000,0.0052624406,0.0051522528,0.0049858588,0.0047718279,0.0045182722,0.0042326088,0.0039360396,0.0036624720,0.0034128997,0.0031845454,0.0029747542,0.0027812758,0.0026021851,0.0024358219,0.0022807570,0.0021353014,0.0019994887,0.0018790052,0.0017727475,0.0016778890,0.0015920175,0.0015134192,0.0014409385,0.0013737972,0.0013114569,0.0012535271,0.0011997069,0.0011497495,0.0011034398,0.0010605821,0.0010209919,0.0009844918,0.0009509095,0.0009200765,0.0008918279,0.0008660026,0.0008424434,0.0008209978,0.0008284326,0.0008716229,0.0009085408,0.0009385002,0.0009632698,0.0009845127,0.0010033579,0.0010204907,0.0010363100,0.0010510477,0.0010648438,0.0010777884,0.0010899453,0.0011013643,0.0011120876,0.0011221530,0.0011315957,0.0011404488,0.0011487441,0.0011565117,0.0011637807,0.0011705789,0.0011769328,0.0011828679,0.0011884083,0.0011935771,0.0011983962,0.0012029633,0.0012075504
"abatement",0.0008556420,3.7141686461,5.8088553988,9.0462300380,9.7779977052,10.1279506565,10.4460924013,10.7231270385,10.9542132472,11.1376100912,11.2736653708,11.3638728016,11.4105082125,11.4162380115,11.3839484470,11.3166898703,11.2175307147,11.0894971126,10.9356735281,10.7589233384,10.5540616683,10.2262189381,9.9107773818,9.5900778498,9.2646247180,8.9353163752,8.6041834418,8.2864402655,7.9832503468,7.6856306097,7.3919965327,7.6979084974,8.1727573478,8.6114445650,9.0117777825,9.3738019636,9.7000091587,9.7660988201,9.3558895752,8.9558266742,8.5661669400,8.1871085830,7.8188724434,7.4616707050,7.1156813892,6.7810356863,6.4578135617,6.1460438672,5.8457069317,5.5567394874,5.2790359997,5.0124436450,4.7567829162,4.5118523665,4.2774294918,4.0532722962,3.8391216992,3.6347044260,3.4397358366,3.2539226484,3.0769653997,2.9085606394,2.7484028986,2.5961863434,2.4516062678,2.3143603771,2.1841498567,2.0606802281,1.9436620342,1.5213698120,1.0755823890,1.0137888780,0.9553237762,0.9000249292,0.8477491310,0.7983544230,0.7517012080,0.7076533962,0.6660793091,0.6268520028,0.5898493977,0.5549539657,0.5220526337,0.4910361477,0.4617983001,0.4342346799,0.4082406933,0.3837083776,0.3605211850,0.3385452670,0.3176144711,0.3001313679,0.2831447496,0.2668110668,0.2512143666,0.2363923176,0.2223530577,0.2090861640,0.0000000000,0.0000000000
"sigma",0.3503200274,0.3246822788,0.3010349411,0.2792152334,0.2590743238,0.2404760815,0.2232959463,0.2074199022,0.1927435454,0.1791712386,0.1666153423,0.1549955162,0.1442380842,0.1342754572,0.1250456074,0.1164915899,0.1085611080,0.1012061158,0.0943824573,0.0880495373,0.0821700206,0.0767095582,0.0716365379,0.0669218555,0.0625387068,0.0584623973,0.0546701686,0.0511410389,0.0478556582,0.0447961753,0.0419461158,0.0392902714,0.0368145974,0.0345061197,0.0323528491,0.0303437030,0.0284684333,0.0267175606,0.0250823138,0.0235545746,0.0221268260,0.0207921062,0.0195439653,0.0183764257,0.0172839457,0.0162613863,0.0153039805,0.0144073047,0.0135672531,0.0127800133,0.0120420446,0.0113500572,0.0107009941,0.0100920133,0.0095204720,0.0089839120,0.0084800460,0.0080067454,0.0075620281,0.0071440486,0.0067510875,0.0063815426,0.0060339209,0.0057068300,0.0053989716,0.0051091344,0.0048361882,0.0045790780,0.0043368188,0.0041084907,0.0038932344,0.0036902469,0.0034987776,0.0033181248,0.0031476322,0.0029866860,0.0028347116,0.0026911716,0.0025555625,0.0024274129,0.0023062815,0.0021917545,0.0020834442,0.0019809872,0.0018840428,0.0017922912,0.0017054327,0.0016231859,0.0015452866,0.0014714869,0.0014015540,0.0013352690,0.0012724265,0.0012128333,0.0011563078,0.0011026794,0.0010517874,0.0010034808,0.0009576175,0.0009140636
"Forcings",2.3710897175,2.7476654835,2.7263728844,2.7200202430,2.7060361401,2.7009999477,2.7073221602,2.7114597257,2.7014591441,2.6899185651,2.6744872762,2.6637089402,2.6608609377,2.6615455374,2.6673421688,2.6772941963,2.6755814981,2.6737375711,2.6671491468,2.6575589692,2.6450489147,2.6308008007,2.6179861370,2.6053861294,2.5929971822,2.5808157602,2.5688383869,2.5570616445,2.5454821723,2.5340966657,2.5229018757,2.5118946077,2.4802961827,2.4282734660,2.3602811278,2.2783861189,2.1840433164,2.0784041759,1.9696998196,1.8716470656,1.7798454868,1.6931146398,1.6108698786,1.5326505818,1.4580425494,1.3866691002,1.3181928206,1.2519958537,1.1886599979,1.1325718052,1.0821035549,1.0357628068,0.9926467216,0.9522072589,0.9141102994,0.8781510361,0.8442024741,0.8121836769,0.7820399595,0.7537304304,0.7272201307,0.7024751077,0.6794593978,0.6581332700,0.6384523186,0.6203671277,0.6038233222,0.5887618814,0.5751196263,0.5628298205,0.5817674568,0.6286862439,0.6544744185,0.6746814510,0.6916192387,0.7064815532,0.7199006388,0.7322199647,0.7436348337,0.7542643026,0.7641878152,0.7734638170,0.7821392048,0.7902541307,0.7978444563,0.8049430249,0.8115803354,0.8177849192,0.8235835647,0.8290014670,0.8340623374,0.8387884939,0.8432009392,0.8473194324,0.8511625560,0.8547477799,0.8580915214,0.8612796199,0.8645326385,0.9879397324
"Other Forcings",0.5863473690,0.7613317493,0.7956847061,0.8140444593,0.8537643256,0.8863419736,0.9215119955,0.9497639944,0.9605038835,0.9671796259,0.9680628032,0.9721307000,0.9829786302,0.9964324448,1.0142316534,1.0355440767,1.0446433574,1.0531355610,1.0564802767,1.0564707197,1.0532311656,1.0477728275,1.0405457069,1.0317587317,1.0215629674,1.0100637082,0.9973344389,0.9834547412,0.9689306100,0.9541640668,0.9391978192,0.9240518202,0.9087392005,0.8932699555,0.8776522509,0.8618929423,0.8459978279,0.8299718008,0.8138189602,0.7975426989,0.7811457759,0.7646303771,0.7479981660,0.7312503264,0.7143875971,0.6974103009,0.6803183669,0.6627892251,0.6456566644,0.6335150022,0.6249064414,0.6184882929,0.6134673502,0.6093681069,0.6059007936,0.6028854087,0.6002074834,0.5977921161,0.5955886244,0.5935614102,0.5916844774,0.5899381077,0.5883068173,0.5867780796,0.5853415094,0.5839883273,0.5827109979,0.5815029775,0.5803585306,0.5792725939,0.5782406704,0.5772587465,0.5763232245,0.5754308673,0.5745787521,0.5737642311,0.5729848991,0.5722385643,0.5715232247,0.5708370462,0.5701783448,0.5695455707,0.5689372941,0.5683521933,0.5677890437,0.5672467089,0.5667241318,0.5662203277,0.5657343777,0.5652654230,0.5648126595,0.5643753334,0.5639527371,0.5635442055,0.5631491126,0.5627668686,0.5623969173,0.5621091499,0.5621091499,0.5621091499
"Period utilty",0.4475962909,0.4814038036,0.5139184760,0.5453943116,0.5768554477,0.6073512271,0.6362814796,0.6634178723,0.6887314468,0.7122914745,0.7342052386,0.7545942024,0.7735787806,0.7912736092,0.8077865886,0.8232166799,0.8376542609,0.8511837343,0.8638792205,0.8758080577,0.8870311198,0.8976036611,0.9075706235,0.9169746897,0.9258555526,0.9342497476,0.9421906678,0.9497086352,0.9568313568,0.9635837972,0.9699876311,0.9760602998,0.9818286095,0.9873197400,0.9925559881,0.9975555814,1.0023343081,1.0069068634,1.0112845827,1.0154731739,1.0194787961,1.0233089938,1.0269720078,1.0304762278,1.0338298819,1.0370408747,1.0401167139,1.0430644808,1.0458908382,1.0486019801,1.0512035310,1.0537008819,1.0560992160,1.0584034601,1.0606182568,1.0627479640,1.0647966640,1.0667681870,1.0686661289,1.0704938718,1.0722546018,1.0739513223,1.0755868739,1.0771639423,1.0786850719,1.0801526779,1.0815690615,1.0829364226,1.0842568846,1.0855325556,1.0867648240,1.0879541449,1.0891019792,1.0902108597,1.0912828611,1.0923197008,1.0933229000,1.0942938212,1.0952337545,1.0961439342,1.0970256373,1.0978801335,1.0987088477,1.0995134478,1.1002960679,1.1010596818,1.1018087479,1.1025503311,1.1032960601,1.1040655824,1.1036572632,1.1045684150,1.1053734672,1.1061001027,1.1067673805,1.1073885848,1.1079730756,1.1085275167,1.1090575643,1.1095650146
"Consumption",77.0031976818,90.2004858117,104.8873266899,121.2875021704,140.0879051321,161.2628459216,184.7272933362,210.4298260767,238.3472551975,268.4782632686,300.8311373874,335.4218741374,372.2680538804,411.3878446447,452.8020608643,496.5313810104,542.5966102500,591.0262988133,641.8420291472,695.0655131917,750.7172499849,808.8173025325,869.3531027757,932.3137195289,997.6865660325,1065.4553281706,1135.5979167915,1208.0839481150,1282.8754625081,1359.9220401222,1439.1486711317,1520.4333680918,1603.7922448101,1689.2949488556,1776.9873131613,1866.8870997499,1958.9987346163,2053.3325449600,2149.8521303822,2248.4004200112,2348.8163008396,2450.9653227917,2554.7333830364,2660.0189962066,2766.7281532739,2874.7710875059,2984.0603963138,3094.5098107531,3206.0338600743,3318.5448902565,3431.9468943030,3546.1481344220,3661.0626466484,3776.6081047864,3892.7039774071,4009.2706371271,4126.2288160681,4243.4998622674,4361.0057839674,4478.6695358391,4596.4153159173,4714.1686492142,4831.8569497814,4949.4095110288,5066.7577637815,5183.8356964808,5300.5805036669,5416.9332302705,5532.8406197383,5648.2605856432,5763.0962910412,5877.1663294769,5990.3865830641,6102.7914044867,6214.3875173400,6325.1593004566,6435.0822189997,6544.1249713816,6652.2577227890,6759.4535305731,6865.6999271384,6970.9936069010,7075.3612876047,7178.8734850565,7281.6776722356,7384.0552981249,7486.5225953274,7590.0095416428,7696.1795955196,7808.0093352301,7748.3817398437,7882.3612960445,8003.5529925731,8115.2736937307,8219.8709190450,8319.0122232696,8413.8852506329,8505.3375140988,8594.1199365898,8680.3819585772
"Land emissions",2.6000000000,2.3010000000,2.0363850000,1.8022007250,1.5949476416,1.4115286628,1.2492028666,1.1055445370,0.9784069152,0.8658901200,0.7663127562,0.6781867892,0.6001953084,0.5311728480,0.4700879705,0.4160278539,0.3681846507,0.3258434158,0.2883714230,0.2552087094,0.2258597078,0.1998858414,0.1768989696,0.1565555881,0.1385516955,0.1226182505,0.1085171517,0.0960376793,0.0849933461,0.0752191113,0.0665689135,0.0589134885,0.0521384373,0.0461425170,0.0408361276,0.0361399729,0.0319838760,0.0283057303,0.0250505713,0.0221697556,0.0196202337,0.0173639068,0.0153670575,0.0135998459,0.0120358636,0.0106517393,0.0094267893,0.0083427085,0.0073832970,0.0065342179,0.0057827828,0.0051177628,0.0045292201,0.0040083598,0.0035473984,0.0031394476,0.0027784111,0.0024588938,0.0021761210,0.0019258671,0.0017043924,0.0015083873,0.0013349227,0.0011814066,0.0010455449,0.0009253072,0.0008188969,0.0007247237,0.0006413805,0.0005676217,0.0005023452,0.0004445755,0.0003934494,0.0003482027,0.0003081594,0.0002727210,0.0002413581,0.0002136019,0.0001890377,0.0001672984,0.0001480591,0.0001310323,0.0001159636,0.0001026278,0.0000908256,0.0000803806,0.0000711368,0.0000629561,0.0000557162,0.0000493088,0.0000436383,0.0000386199,0.0000341786,0.0000302481,0.0000267695,0.0000236910,0.0000209666,0.0000185554,0.0000164215,0.0000145331
"Cumulative ind emissions",420.4902535000,469.2626124300,484.3204875160,493.5809843166,494.5424790861,494.5424790861,494.5424790861,494.5424790861,494.5424790861,494.5424790861,494.5424790861,494.5424790861,494.5424790861,494.5424790861,494.5424790861,494.5424790861,494.5424790861,494.5424790861,494.5424790861,494.5424790861,494.5424790861,494.5750582585,495.0885914391,495.9921149156,497.2741002137,498.9282200551,500.9517120605,503.3397009650,506.0169907115,508.9028145305,511.9651545361,515.1853714478,515.2287865551,511.1927165342,503.3086246056,491.8087047557,476.9163718704,458.8364495893,438.8224315279,419.1574453935,399.8506754592,380.9104188092,362.3441232204,344.1582473453,326.3581835933,308.9482402842,291.9316603847,275.3106609654,259.0864841171,243.2594536310,227.8290310086,212.7938800667,198.1519591778,183.9005677174,170.0363872690,156.5555282945,143.4535803175,130.7256627479,118.3664741711,106.3703394524,94.7312541185,83.4429260022,72.4988142561,61.8921657170,51.6160490601,41.6633866772,32.0269844633,22.6995597977,13.6737681065,4.9422283077,0.0000000000,0.0000000000,0.0000000000,0.0000000000,0.0000000000,0.0000000000,0.0000000000,0.0000000000,0.0000000000,0.0000000000,0.0000000000,0.0000000000,0.0000000000,0.0000000000,0.0000000000,0.0000000000,0.0000000000,0.0000000000,0.0000000000,0.0000000000,0.0000000000,0.0000000000,0.0000000000,0.0000000000,0.0000000000,0.0000000000,0.0000000000,0.0000000000,0.0000000000,15.1596679865
"Cumulative total emissions",520.4902535000,572.8087117208,591.0048846791,603.0427750968,606.4622632173,608.6375873330,610.5627491754,612.2665174059,613.7743522899,615.1087861622,616.2897601393,617.3349221089,618.2598904521,619.0784874358,619.8029457663,620.4440913889,621.0115052648,621.5136665451,621.9580792781,622.3513845468,622.6994597096,623.0400854010,623.8262397511,624.9710329625,626.4665419759,628.3096303055,630.5003594229,633.0363531714,635.8446272050,638.8463721180,642.0113022919,645.3223115024,645.4460777942,641.4811185716,633.6599596995,622.2157356046,607.3726934624,589.3363934890,569.3609811699,549.7301611175,530.4536281657,511.5401312452,492.9975180170,474.8326010311,457.0510858961,439.6575581129,422.6555059539,406.0473635850,389.8345652262,374.0176047033,358.5960939984,343.5688301035,328.9338892510,314.6886751230,300.8299616137,287.3539408804,274.2562747467,261.5321466086,249.1763116786,237.1831449373,225.5466862635,214.2606827412,203.3186282610,192.7138004021,182.4392950472,172.4880586666,162.8529184646,153.5266106797,144.5018074279,135.7711423978,130.8296882606,130.8303734014,130.8309797510,130.8315163704,130.8319912786,130.8324115723,130.8327835323,130.8331127169,130.8334040452,130.8336618708,130.8338900464,130.8340919819,130.8342706947,130.8344288556,130.8345688280,130.8346927036,130.8348023334,130.8348993559,130.8349852207,130.8350612111,130.8351284626,130.8351879802,130.8352406533,130.8352872689,130.8353285238,130.8353650343,130.8353973461,130.8354259421,130.8354512496,145.9951416331
"Atmospheric concentrations Gt",847.9742096446,882.1882959139,872.6085121370,868.3875207854,859.2848996580,852.9663718287,848.1518973337,844.1482451427,840.7198835311,837.7202460302,835.0428683377,832.6138805922,830.3793590954,828.3014359320,826.3530081256,824.5130504934,822.7657209318,821.0987556610,819.4999654275,817.9608643767,816.4743351033,815.0673853871,814.1742669557,813.5653499346,813.2153189169,813.1064767342,813.2264459838,813.5620783498,814.0322796905,814.5724967113,815.1755176338,815.8377758804,813.2349085556,807.4229726625,799.1678192565,788.8641524812,776.8144344051,763.2747374320,749.5387561520,737.6077895766,726.7748205278,716.8304576483,707.6610037873,699.1767246197,691.2994087877,683.9601628737,677.0988565467,670.6637647600,664.6111453835,658.9048559004,653.5151001205,648.4158391382,643.5870995812,639.0143215435,634.6870246583,630.5975818572,626.7402230713,623.1102652727,619.7035362576,616.5159573867,613.5432535171,610.7807633776,608.2233278672,605.8652373806,603.7002231749,601.7214801371,599.9217113812,598.2931873836,596.8278142764,595.5172072475,597.8552187053,603.5008591178,606.6736850754,609.1905334356,611.3207199316,613.2040582142,614.9147933123,616.4932614700,617.9623441676,619.3359316882,620.6232515534,621.8310737324,622.9648312097,624.0291887655,625.0283321180,625.9661158807,626.8461405164,627.6717937313,628.4462741427,629.1726061524,629.8536504757,630.4921125277,631.0905497402,631.6513783261,632.1768797302,632.6692068711,633.1303902131,633.5623436789,633.9668704003,649.5053339621
"Total Emissions GTCO2 per year",38.3403846239,13.3354108630,8.8224770555,2.5067840921,1.5949476416,1.4115286628,1.2492028666,1.1055445370,0.9784069152,0.8658901200,0.7663127562,0.6781867892,0.6001953084,0.5311728480,0.4700879705,0.4160278539,0.3681846507,0.3258434158,0.2883714230,0.2552087094,0.2497337253,0.5762029562,0.8390009732,1.0959944145,1.3506907153,1.6054331921,1.8584354209,2.0579556055,2.1997250407,2.3193018675,2.4263438664,0.0907280791,-2.9054936740,-5.7313200482,-8.3863051385,-10.8769615655,-13.2169831716,-14.6379667052,-14.3854512680,-14.1258312523,-13.8597998395,-13.5880175007,-13.3112427837,-13.0302868715,-12.7459705933,-12.4590980110,-12.1704415851,-11.8807340859,-11.5906646432,-11.3008794798,-11.0119758274,-10.7244818646,-10.4388904421,-10.1556630728,-9.8752260581,-9.5979680300,-9.3242395839,-9.0543544952,-8.7885914009,-8.5271958655,-8.2703824512,-8.0183367002,-7.7712171267,-7.5291568795,-7.2922654493,-7.0606302352,-6.8343178980,-6.6133754276,-6.3978309841,-3.6210972821,0.0005023452,0.0004445755,0.0003934494,0.0003482027,0.0003081594,0.0002727210,0.0002413581,0.0002136019,0.0001890377,0.0001672984,0.0001480591,0.0001310323,0.0001159636,0.0001026278,0.0000908256,0.0000803806,0.0000711368,0.0000629561,0.0000557162,0.0000493088,0.0000436383,0.0000386199,0.0000341786,0.0000302481,0.0000267695,0.0000236910,0.0000209666,0.0000185554,11.1090211220,10.7102482315
"Atmospheric fraction since 1850",0.4813395974,0.4971060138,0.4655915352,0.4492979460,0.4317552385,0.4198306785,0.4106216062,0.4029398923,0.3963643024,0.3906278221,0.3855349271,0.3809475726,0.3767634325,0.3729087669,0.3693292669,0.3659820652,0.3628339869,0.3598587242,0.3570310159,0.3543323423,0.3517470445,0.3492965379,0.3474246715,0.3458139625,0.3444296924,0.3432461095,0.3422437469,0.3414028858,0.3406345353,0.3398796105,0.3391433707,0.3384295435,0.3343319844,0.3273382895,0.3183508372,0.3076465299,0.2953257461,0.2813895404,0.2671365278,0.2549726374,0.2438161851,0.2333909107,0.2235698137,0.2142546317,0.2053550930,0.1967861594,0.1884684214,0.1803290226,0.1723025889,0.1643324127,0.1563694098,0.1483667729,0.1402879440,0.1321073311,0.1238087587,0.1153836318,0.1068292150,0.0981471114,0.0893419426,0.0804202038,0.0713892687,0.0622565124,0.0530285268,0.0437103977,0.0343050144,0.0248123820,0.0152289003,0.0055465750,-0.0042478794,-0.0141740965,0.0031611952,0.0463135466,0.0705646672,0.0898017024,0.1060832237,0.1204779266,0.1335533213,0.1456177304,0.1568460576,0.1673444803,0.1771835340,0.1864149689,0.1950803144,0.2032152275,0.2108517024,0.2180192023,0.2247452470,0.2310557300,0.2369750991,0.2425264704,0.2477317087,0.2526114915,0.2571853655,0.2614717978,0.2654882253,0.2692511028,0.2727759489,0.2760773916,0.2791692122,0.3566125066
"Atmospheric fraction since 2010",0.0000000000,0.6539581038,0.3493501786,0.2472766219,0.1315624554,0.0566342894,0.0019727184,-0.0416879476,-0.0777659369,-0.1083716080,-0.1349833669,-0.1586078789,-0.1799623001,-0.1995448233,-0.2177083195,-0.2347199197,-0.2507776790,-0.2660319080,-0.2806233522,-0.2946496079,-0.3081901585,-0.3208861530,-0.3270877905,-0.3293319268,-0.3279874012,-0.3233901986,-0.3158597132,-0.3057602915,-0.2942404863,-0.2822136321,-0.2699013022,-0.2574373258,-0.2780126377,-0.3351594652,-0.4312672332,-0.5810741825,-0.8190350902,-1.2302717323,-2.0142002799,-3.7745120049,-12.1644795602,14.6527494028,5.1036484522,3.2589830963,2.4696860232,2.0290560184,1.7465713854,1.5493357474,1.4034067764,1.2908168740,1.2011497026,1.1279492215,1.0669816246,1.0153464318,0.9709865760,0.9324014550,0.8984706200,0.8683410446,0.8413525684,0.8169871261,0.7948332838,0.7745609068,0.7559027046,0.7386405502,0.7225951815,0.7076183433,0.6935867173,0.6803971836,0.6679630842,0.6562112504,0.6418894281,0.6274019197,0.6192603308,0.6128020742,0.6073360140,0.6025033560,0.5981135748,0.5940631645,0.5902934125,0.5867686797,0.5834652921,0.5803658816,0.5774565107,0.5747252125,0.5721612491,0.5697547316,0.5674964232,0.5653776324,0.5633901528,0.5615262248,0.5597785086,0.5581400627,0.5566043252,0.5551650963,0.5538165223,0.5525530788,0.5513695558,0.5502610421,0.5492229109,0.5299638759
"alpha",0.3598210652,0.3905496817,0.4442670472,0.4736279320,0.4948944739,0.5089557752,0.5203979920,0.5308810065,0.5403469102,0.5482829366,0.5552063443,0.5612410081,0.5669137957,0.5726217319,0.5783162801,0.5840970124,0.5899772378,0.5951383883,0.5999249116,0.6042151605,0.6080685751,0.6115157541,0.6146555551,0.6179517448,0.6214396242,0.6251499944,0.6291104641,0.6333463042,0.6378785056,0.6426850674,0.6477261094,0.6529796063,0.6584320853,0.6609141742,0.6589066939,0.6522458758,0.6410719082,0.6256498647,0.6063235746,0.5844445678,0.5624038946,0.5407021671,0.5195246285,0.4989875903,0.4791739555,0.4601398994,0.4419187722,0.4245249269,0.4079455809,0.3921946071,0.3774133445,0.3635631687,0.3505548157,0.3383045697,0.3267434224,0.3158150330,0.3054723056,0.2956747234,0.2863865803,0.2775758563,0.2692134965,0.2612729277,0.2537297148,0.2465613004,0.2397467967,0.2332668113,0.2271033000,0.2212394369,0.2156595029,0.2103487853,0.2052934913,0.2019389112,0.2008435953,0.2000146139,0.1992806303,0.1985951273,0.1979467869,0.1973333338,0.1967541081,0.1962082951,0.1956947046,0.1952118876,0.1947582729,0.1943322593,0.1939322710,0.1935567857,0.1932043481,0.1928735756,0.1925631591,0.1922718618,0.1919985165,0.1917420232,0.1915013457,0.1912755083,0.1910635932,0.1908647369,0.1906781276,0.1905030025,0.1903398512,0.1901919399
"IIRF",40.6899935740,41.6252388127,43.0959909087,43.8263556121,44.3276264738,44.6473690249,44.9011031313,45.1287166430,45.3304171308,45.4968143259,45.6400241900,45.7634012763,45.8781761787,45.9925088410,46.1054432618,46.2189551408,46.3332738966,46.4326779273,46.5240991511,46.6054239053,46.6779774054,46.7424935799,46.8009412711,46.8619797845,46.9262144670,46.9941521083,47.0662256479,47.1428100147,47.2241874730,47.3098618338,47.3990300038,47.4912207307,47.5861221913,47.6290634240,47.5943456324,47.4783895531,47.2811797907,47.0032740016,46.6451790298,46.2257439787,45.7870236669,45.3379180155,44.8819336857,44.4216284847,43.9592172028,43.4966279744,43.0355068942,42.5772288497,42.1225849024,41.6732057930,41.2347651161,40.8080707825,40.3922407692,39.9862880434,39.5894556204,39.2012151147,38.8212023860,38.4491602646,38.0848994255,37.7282740841,37.3791674447,37.0374829877,36.7031390803,36.3760654246,36.0562005083,35.7434896206,35.4378831981,35.1393353889,34.8478027805,34.5632432716,34.2856150783,34.0975876931,34.0355171838,33.9883141378,33.9463567769,33.9070309586,33.8697119748,33.8342884127,33.8007400797,33.7690364804,33.7391238809,33.7109319282,33.6843815042,33.6593902319,33.6358757650,33.6137575974,33.5929579974,33.5734024514,33.5550198407,33.5377424772,33.5215060609,33.5062495987,33.4919153001,33.4784484622,33.4657973485,33.4539130658,33.4427494399,33.4322628926,33.4224846619,33.4136125736
"cbox1",127.0722994269,138.4415192479,142.3959181039,145.0120795256,145.7554243146,146.2283787952,146.6469433773,147.0173728948,147.3452028800,147.6353322790,147.8920966573,148.1193329918,148.3204370070,148.4984139201,148.6559233493,148.7953190563,148.9186841208,149.0278620681,149.1244844163,149.2099950596,149.2856718442,149.3597251179,149.5305875735,149.7793785398,150.1043767633,150.5049010639,150.9809651339,151.5320529309,152.1423052186,152.7945969454,153.4823472521,154.2018391380,154.2287419031,153.3671635276,151.6676320091,149.1808075687,145.9554192141,142.0361352658,137.6954816129,133.4297073325,129.2409191671,125.1310183114,121.1017101088,117.1544749683,113.2905527556,109.5109399333,105.8163945324,102.2074455234,98.6844045859,95.2473790491,91.8962846158,88.6308598895,85.4506868512,82.3552013351,79.3437023208,76.4153623752,73.5692388224,70.8042850233,68.1193612935,65.5132453233,62.9846419850,60.5321925255,58.1544831726,55.8500531488,53.6174021937,51.4549975792,49.3612806601,47.3346730241,45.3735823250,43.4764078657,42.4026289401,42.4027768697,42.4029076515,42.4030232670,42.4031254608,42.4032157766,42.4032955801,42.4033660798,42.4034283456,42.4034833241,42.4035318532,42.4035746743,42.4036124437,42.4036457422,42.4036750838,42.4037009234,42.4037236636,42.4037436607,42.4037612300,42.4037766507,42.4037901698,42.4038020057,42.4038123521,42.4038213800,42.4038292412,42.4038360696,42.4038419839,42.4038470893,42.4038514787,45.6980510878
"cbox2",86.2697470493,95.0029170228,96.0449045986,96.0397549065,94.2694471686,92.3727962710,90.5317909531,88.7348332366,86.9788777499,85.2610301095,83.5769107314,81.9243971331,80.3019133469,78.7095748443,77.1485098831,75.6194059243,74.1229842275,72.6597590812,71.2279511498,69.8267178776,68.4549063954,67.1188181259,65.9178173283,64.8286275631,63.8472165972,62.9707919943,62.1974052610,61.5246625601,60.9344566390,60.4077778656,59.9368179692,59.5167998134,58.4001697885,56.3983436533,53.5749028738,49.9904656082,45.7033641619,40.7683117094,35.4760527689,30.3446932479,25.3756189448,20.5733906107,15.9430884846,11.4898133967,7.2185183801,3.1338943744,-0.7597280310,-4.4584654015,-7.9589571257,-11.2584228759,-14.3547365119,-17.2466690116,-19.9338663009,-22.4167834283,-24.6966421886,-26.7754037021,-28.6557459578,-30.3410405105,-31.8353257629,-33.1432758424,-34.2701649798,-35.2218275844,-36.0046143437,-36.6253447767,-37.0912566008,-37.4099524304,-37.5893443027,-37.6375965433,-37.5630675030,-37.3742507440,-36.2951669074,-34.1214803912,-32.0450926899,-30.0847644606,-28.2369757959,-26.4964966012,-24.8578435082,-23.3156605029,-21.8648049147,-20.5003570878,-19.2176141968,-18.0120828254,-16.8794727206,-15.8156914419,-14.8168393499,-13.8792045687,-12.9992577491,-12.1736465791,-11.3991900536,-10.6728725440,-9.9918377192,-9.3533823702,-8.7549501903,-8.1941255539,-7.6686273345,-7.1763027962,-6.7151215878,-6.2831698627,-5.8786445451,-2.1040844513
"cbox3",31.9813341394,36.6397384034,30.9491550216,26.1448293248,20.5505805565,16.2009603446,12.9255869853,10.4183879552,8.4772276560,6.9577787588,5.7547296363,4.7929949180,4.0173182962,3.3871040435,2.8718491581,2.4479025409,2.0969789874,1.8047872724,1.5596443947,1.3526901248,1.1769089088,1.0359887089,1.0503273830,1.1640263780,1.3551778605,1.6078636481,1.9104672165,2.2531992926,2.6084628449,2.9525585600,3.2801267633,3.5905233966,2.9466757514,1.2740445010,-1.1729048371,-4.1847945628,-7.5844997233,-11.2201511000,-14.6570491547,-17.2396499364,-19.0847076077,-20.3041778411,-21.0008440615,-21.2677417855,-21.1883576142,-20.8368421948,-20.2781878181,-19.5684470821,-18.7550575733,-17.8771750593,-16.9667422366,-16.0506851843,-15.1492044652,-14.2762110738,-13.4405849182,-12.6474276303,-11.8991055650,-11.1960670039,-10.5374645645,-9.9216195147,-9.3463608403,-8.8092665134,-8.3078296488,-7.8395682091,-7.4020932274,-6.9931475802,-6.6106245279,-6.2525729097,-5.9171939709,-5.6028333422,-4.3188779408,-2.2174729503,-1.1259234205,-0.5695147145,-0.2872019932,-0.1444180632,-0.0724024481,-0.0361759260,-0.0180005788,-0.0089065687,-0.0043698982,-0.0021146329,-0.0009985886,-0.0004499099,-0.0001829467,-0.0000553408,0.0000036855,0.0000292292,0.0000386396,0.0000404568,0.0000388591,0.0000358704,0.0000324542,0.0000290550,0.0000258647,0.0000229541,0.0000203372,0.0000180026,0.0000159285,4.2811043295
"cbox4",5.2091885049,14.6624807157,5.7768938888,3.7492165044,1.2678070941,0.7225958938,0.6059354938,0.5360105321,0.4769347210,0.4244643588,0.3774907885,0.3355150251,0.2980499211,0.2647026000,0.2350852110,0.2087824477,0.1854330719,0.1647067152,0.1462449425,0.1298207905,0.1152074307,0.1112129103,0.2338941467,0.3516769296,0.4669071716,0.5812795039,0.6959678482,0.8105230421,0.9054144638,0.9759228160,1.0345851251,1.0869730083,0.2176805884,-1.0582195436,-2.3434513135,-3.5639666571,-4.7014897717,-5.7511989673,-6.4173695992,-6.3686015917,-6.1986505006,-6.0114139567,-5.8245912688,-5.6414624840,-5.4629452579,-5.2894697633,-5.1212626607,-4.9584088039,-4.8008850275,-4.6485657377,-4.5013462709,-4.3593070794,-4.2221570281,-4.0895258137,-3.9610910800,-3.8365897098,-3.7158047524,-3.5985527604,-3.4846752326,-3.3740331037,-3.2665031719,-3.1619755743,-3.0603518370,-2.9615433066,-2.8654697148,-2.7720579555,-2.6812409724,-2.5929567116,-2.5071470988,-2.4237570561,-1.3750059107,-0.0046049346,0.0001530100,0.0001488195,0.0001317357,0.0001165778,0.0001031645,0.0000912949,0.0000807913,0.0000714965,0.0000632712,0.0000559924,0.0000495511,0.0000438509,0.0000388066,0.0000343426,0.0000303922,0.0000268963,0.0000238026,0.0000210647,0.0000186418,0.0000164976,0.0000146001,0.0000129208,0.0000114347,0.0000101195,0.0000089556,0.0000079256,0.0000070141,4.1886224720
"Objective",4428.2749677447
