

"Period",1.0000000000,2.0000000000,3.0000000000,4.0000000000,5.0000000000,6.0000000000,7.0000000000,8.0000000000,9.0000000000,10.0000000000,11.0000000000,12.0000000000,13.0000000000,14.0000000000,15.0000000000,16.0000000000,17.0000000000,18.0000000000,19.0000000000,20.0000000000,21.0000000000,22.0000000000,23.0000000000,24.0000000000,25.0000000000,26.0000000000,27.0000000000,28.0000000000,29.0000000000,30.0000000000,31.0000000000,32.0000000000,33.0000000000,34.0000000000,35.0000000000,36.0000000000,37.0000000000,38.0000000000,39.0000000000,40.0000000000,41.0000000000,42.0000000000,43.0000000000,44.0000000000,45.0000000000,46.0000000000,47.0000000000,48.0000000000,49.0000000000,50.0000000000,51.0000000000,52.0000000000,53.0000000000,54.0000000000,55.0000000000,56.0000000000,57.0000000000,58.0000000000,59.0000000000,60.0000000000,61.0000000000,62.0000000000,63.0000000000,64.0000000000,65.0000000000,66.0000000000,67.0000000000,68.0000000000,69.0000000000,70.0000000000,71.0000000000,72.0000000000,73.0000000000,74.0000000000,75.0000000000,76.0000000000,77.0000000000,78.0000000000,79.0000000000,80.0000000000,81.0000000000,82.0000000000,83.0000000000,84.0000000000,85.0000000000,86.0000000000,87.0000000000,88.0000000000,89.0000000000,90.0000000000,91.0000000000,92.0000000000,93.0000000000,94.0000000000,95.0000000000,96.0000000000,97.0000000000,98.0000000000,99.0000000000,100.0000000000
"Year",2015.0000000000,2020.0000000000,2025.0000000000,2030.0000000000,2035.0000000000,2040.0000000000,2045.0000000000,2050.0000000000,2055.0000000000,2060.0000000000,2065.0000000000,2070.0000000000,2075.0000000000,2080.0000000000,2085.0000000000,2090.0000000000,2095.0000000000,2100.0000000000,2105.0000000000,2110.0000000000,2115.0000000000,2120.0000000000,2125.0000000000,2130.0000000000,2135.0000000000,2140.0000000000,2145.0000000000,2150.0000000000,2155.0000000000,2160.0000000000,2165.0000000000,2170.0000000000,2175.0000000000,2180.0000000000,2185.0000000000,2190.0000000000,2195.0000000000,2200.0000000000,2205.0000000000,2210.0000000000,2215.0000000000,2220.0000000000,2225.0000000000,2230.0000000000,2235.0000000000,2240.0000000000,2245.0000000000,2250.0000000000,2255.0000000000,2260.0000000000,2265.0000000000,2270.0000000000,2275.0000000000,2280.0000000000,2285.0000000000,2290.0000000000,2295.0000000000,2300.0000000000,2305.0000000000,2310.0000000000,2315.0000000000,2320.0000000000,2325.0000000000,2330.0000000000,2335.0000000000,2340.0000000000,2345.0000000000,2350.0000000000,2355.0000000000,2360.0000000000,2365.0000000000,2370.0000000000,2375.0000000000,2380.0000000000,2385.0000000000,2390.0000000000,2395.0000000000,2400.0000000000,2405.0000000000,2410.0000000000,2415.0000000000,2420.0000000000,2425.0000000000,2430.0000000000,2435.0000000000,2440.0000000000,2445.0000000000,2450.0000000000,2455.0000000000,2460.0000000000,2465.0000000000,2470.0000000000,2475.0000000000,2480.0000000000,2485.0000000000,2490.0000000000,2495.0000000000,2500.0000000000,2505.0000000000,2510.0000000000
"Industrial Emissions GTCO2 per year",35.7403846239,24.8829335490,24.3481946747,22.8894419893,20.3720322124,16.6544208502,11.5762084682,4.9330648521,0.0000000000,0.0000000000,0.0000000000,0.0000000000,0.0000000000,0.0000000000,0.0000000000,0.0000000000,0.0000000000,0.0000000000,0.0000000000,0.0000000000,0.0000000000,0.0000000000,0.0000000000,0.0000000000,0.0000000000,0.0000000000,0.0000000000,0.0000000000,0.0000000000,-14.9422635745,-16.1159490789,-15.9426211590,-15.7568916203,-15.5587695295,-15.3483159621,-15.1260317586,-14.8927242632,-14.6493598559,-14.3969699474,-14.1365982754,-13.8692724550,-13.5959886511,-13.3177032622,-13.0353284188,-12.7497296412,-12.4617247853,-12.1720837779,-11.8815289102,-11.5907354888,-11.3003366201,-11.0109259049,-10.7230153094,-10.4370812920,-10.1535732040,-9.8729083176,-9.5954681915,-9.3215976699,-9.0516055544,-8.7857661620,-8.5243211891,-8.2674817085,-8.0154301183,-7.7683220467,-7.5262881563,-7.2894358823,-7.0578510818,-6.8315996077,-6.6107287910,-6.3952688819,-6.1852343743,-5.9806252731,-1.2864832328,0.0000000000,0.0000000000,0.0000000000,0.0000000000,0.0000000000,0.0000000000,0.0000000000,0.0000000000,0.0000000000,0.0000000000,0.0000000000,0.0000000000,0.0000000000,0.0000000000,0.0000000000,0.0000000000,0.0000000000,0.0000000000,0.0000000000,0.0000000000,0.0000000000,0.0000000000,0.0000000000,0.0000000000,0.0000000000,0.0000000000,11.1045883049,10.7059863673
"Atmospheric concentrations ppm",399.4564633543,415.1123713942,419.9693234351,426.4934038686,432.5316306654,437.4138028095,440.5447807006,441.2697698630,438.8459507660,434.6858089831,431.8048371525,429.4543543741,427.4117615663,425.5903118832,423.9449344128,422.4458146186,421.0707304049,419.8021393688,418.6250686955,417.5275430218,416.4994644434,415.5324419779,414.6193883641,413.7543089163,412.9320889336,412.1483303120,411.3992283500,410.6814744326,409.9921777963,409.3288024269,399.0890078763,390.0641523561,382.2495148536,375.1508436090,368.5592998438,362.3823059825,356.5752823812,351.1129190547,345.9771544981,341.1522590665,336.6228973045,332.3734233232,328.3876904792,324.6490878355,321.1406896866,317.8454704244,314.7465596664,311.8275188395,309.0726212436,306.4671728699,303.9977435292,301.6516358574,299.4178560185,297.2872665527,295.2524693396,293.3076528733,291.4484165464,289.6715727780,287.9749340928,286.3570954598,284.8172226407,283.3548558953,281.9697361811,280.6616583126,279.4303530118,278.2753975365,277.1961528957,276.1917245172,275.2609426390,274.4023584996,273.6142526373,272.8946519421,275.1292676882,276.9885981450,278.2483079942,279.2681793588,280.1330605543,280.8936138827,281.5809958726,282.2143812431,282.8056462749,283.3622515822,283.8889982285,284.3890895337,284.8647693501,285.3177038761,285.7492090601,286.1603854899,286.5521980868,286.9255230109,287.2811751645,287.6199242709,287.9425042567,288.2496187378,288.5419442525,288.8201322113,289.0848101240,289.3365824322,289.5760311352,296.9381980700
"Atmospheric Temperature rel. 1850-1900",1.1112207125,1.2387400080,1.4058010916,1.4984136056,1.5729005549,1.6457393331,1.7109445299,1.7672603937,1.8088518735,1.8288200457,1.8337311036,1.8379516901,1.8446857022,1.8550760501,1.8676623273,1.8819979433,1.8979737939,1.9113194109,1.9238407040,1.9346323219,1.9441961544,1.9525774921,1.9600802121,1.9668925068,1.9731058575,1.9787723894,1.9839222613,1.9885720894,1.9927355008,1.9965097981,2.0000000000,1.9595887082,1.9105061033,1.8630558705,1.8181124651,1.7750988694,1.7335302910,1.6931571405,1.6538789543,1.6156656684,1.5785123677,1.5424170141,1.5073704561,1.4733524587,1.4403306678,1.4082611151,1.3770896418,1.3467539400,1.3170491845,1.2877093024,1.2602528444,1.2347951229,1.2109401856,1.1883107689,1.1666337059,1.1457262778,1.1254703425,1.1057918179,1.0866466557,1.0680114991,1.0498773276,1.0322449487,1.0151216551,0.9985186590,0.9824490869,0.9669264114,0.9519632436,0.9375704322,0.9237564252,0.9105268523,0.8978842925,0.8858281880,0.8743548756,0.8828366589,0.8945659132,0.9033765467,0.9098994184,0.9148622217,0.9187948109,0.9220441905,0.9248283707,0.9272821075,0.9294884639,0.9314990165,0.9333463587,0.9350517033,0.9366294569,0.9380899531,0.9394410775,0.9406892293,0.9418398879,0.9428979455,0.9438679009,0.9447539736,0.9455601687,0.9462903154,0.9469480890,0.9475370242,0.9480930994,0.9487249352
"Ocean Temperature rel. 1850-1900",0.2364778323,0.2600997150,0.2868929380,0.3160516445,0.3465135580,0.3780434409,0.4104841679,0.4436048499,0.4770805245,0.5104335266,0.5432286418,0.5753213434,0.6067599496,0.6376402068,0.6680448314,0.6980334360,0.7276581283,0.7569046418,0.7857441498,0.8141527249,0.8421056558,0.8695844572,0.8965761027,0.9230736971,0.9490737377,0.9745744894,0.9995752246,1.0240757791,1.0480763608,1.0715787643,1.0945872708,1.1164533266,1.1366437285,1.1551392857,1.1720356845,1.1874261841,1.2013887903,1.2139910659,1.2252949375,1.2353593561,1.2442414408,1.2519968140,1.2586795601,1.2643420285,1.2690345848,1.2728053679,1.2757000779,1.2777618140,1.2790289236,1.2795328003,1.2793242038,1.2784692911,1.2770277758,1.2750483426,1.2725706645,1.2696280057,1.2662492377,1.2624602439,1.2582848765,1.2537456126,1.2488640067,1.2436610018,1.2381571383,1.2323726865,1.2263277207,1.2200421477,1.2135357020,1.2068279147,1.1999380654,1.1928851228,1.1856876787,1.1783638805,1.1709313646,1.1636976563,1.1569026712,1.1505237001,1.1444874349,1.1387394963,1.1332419501,1.1279682134,1.1228990423,1.1180198336,1.1133189159,1.1087864975,1.1044140252,1.1001937963,1.0961187240,1.0921821936,1.0883779747,1.0847001646,1.0811431525,1.0777015938,1.0743703921,1.0711446851,1.0680198326,1.0649914063,1.0620551806,1.0592071239,1.0564438786,1.0537641522
"Output Net Net) ",104.8700630156,124.0476566550,145.5374376883,169.2079388284,195.0257423503,222.9152398563,252.7361020874,284.1631496255,318.1504435654,356.5729269248,398.2830319193,443.1708161524,491.1771510006,542.2717485279,596.4519633565,653.7251002268,714.1027106161,777.6268879108,844.3134018098,914.1884452836,987.2674807291,1063.5637329932,1143.0838574304,1225.8308159508,1311.8061942551,1401.0138901158,1493.4675766557,1589.2051559164,1688.3162805806,1786.4489725844,1890.0832059908,1998.0819840025,2109.6904415413,2224.5619434260,2342.4881885661,2463.3198687440,2586.9340926081,2713.2198233382,2842.0709568207,2973.3828959163,3107.0508470731,3242.9690115910,3381.0302671371,3521.1261261006,3663.1468534158,3806.9816759535,3952.5190362384,4099.6468780473,4248.2565725684,4398.2428282802,4549.4550660211,4701.7644005589,4855.0573280221,5009.2259830734,5164.1643340059,5319.7668380148,5475.9281342644,5632.5431576310,5789.5074416769,5946.7174472511,6104.0709117654,6261.4671584295,6418.8073903167,6575.9949392361,6732.9354976962,6889.5373156024,7045.7113728769,7201.3715067584,7356.4345453892,7510.8203656890,7664.4519304416,7817.7482750397,7969.9872718107,8120.5801583947,8269.8599912022,8417.9976874128,8564.9969143853,8710.8258668920,8855.4366852339,8998.7735724138,9140.7747771659,9281.3703875945,9420.4751161403,9557.9746133344,9693.7008583400,9827.3885756633,9958.5984636127,10086.5812224425,10210.0359515081,10326.6751382426,10432.4274375977,10612.8615621677,10776.0768960085,10926.5395351929,11067.4103981048,11200.9348601410,11328.7121157962,11451.8833837775,11571.4592022217,11687.6378105477
"Climate Damages fraction output",0.0029141551,0.0036213653,0.0046640130,0.0052987743,0.0058386781,0.0063919608,0.0069085016,0.0073707739,0.0077217904,0.0078932153,0.0079356646,0.0079722367,0.0080307622,0.0081214849,0.0082320637,0.0083589224,0.0085014387,0.0086214149,0.0087347448,0.0088330132,0.0089205609,0.0089976389,0.0090669181,0.0091300521,0.0091878263,0.0092406748,0.0092888362,0.0093324287,0.0093715477,0.0094070812,0.0094400000,0.0090623715,0.0086140792,0.0081915061,0.0078010577,0.0074363034,0.0070921004,0.0067656034,0.0064553448,0.0061604863,0.0058804151,0.0056145586,0.0053623110,0.0051230112,0.0048959437,0.0046803505,0.0044754471,0.0042804410,0.0040936998,0.0039133408,0.0037482399,0.0035983368,0.0034606477,0.0033325147,0.0032120407,0.0030979453,0.0029893730,0.0028857503,0.0027866903,0.0026919306,0.0026012921,0.0025146499,0.0024319139,0.0023530132,0.0022778867,0.0022064742,0.0021387123,0.0020745304,0.0020138492,0.0019565796,0.0019026230,0.0018518721,0.0018042116,0.0018393853,0.0018885857,0.0019259705,0.0019538840,0.0019752560,0.0019922740,0.0020063906,0.0020185257,0.0020292510,0.0020389192,0.0020477494,0.0020558796,0.0020633992,0.0020703684,0.0020768301,0.0020828169,0.0020883551,0.0020934672,0.0020981734,0.0021024924,0.0021064418,0.0021100383,0.0021132983,0.0021162372,0.0021188703,0.0021213580,0.0021241864
"Consumption Per Capita ",10.5097773031,11.7786032785,13.1633131231,14.6633214393,16.2764215804,18.0017745052,19.8448153955,21.8254844009,23.9969514560,26.4025764068,29.0272995596,31.8615549103,34.9001884951,38.1409557522,41.5837168040,45.2294369448,49.0796367388,53.1368551589,57.4029928632,61.8799122870,66.5689432937,71.4709534935,76.5861747652,81.9141109959,87.4533239245,93.2009794755,99.1519713311,105.2972463068,111.6206223914,118.1067410392,124.8383796598,131.8284100512,139.0579427898,146.5074920651,154.1621263159,162.0105280290,170.0435419742,178.2531649856,186.6319562896,195.1727137088,203.8683039125,212.7115772288,221.6953290091,230.8122862290,240.0551076772,249.4163922941,258.8886888652,268.4645088347,278.1364127651,287.8969486073,297.7374645113,307.6496391230,317.6257719740,327.6585708407,337.7409538616,347.8659391455,358.0266014706,368.2160597717,378.4274905152,388.6541406728,398.8893500204,409.1265676073,419.3593718513,429.5814840080,439.7867832294,449.9693180038,460.1233196391,470.2432053535,480.3235942993,490.3593123178,500.3454093897,510.2781589605,520.1476304427,529.9317735457,539.6321893795,549.2542605099,558.7997291369,568.2680444118,577.6575638956,586.9664621179,596.1933844352,605.3382309454,614.4031303934,623.3940785662,632.3237770488,641.2165793084,650.1172723207,659.1065588591,668.3288717796,678.0426823569,672.8667422812,684.5042177517,695.0311323240,704.7355376833,713.8213046250,722.4332536286,730.6745281018,738.6187331764,746.3310454651,753.8242503463
"Carbon Price (per t CO2)",2.0125964256,117.8744034477,146.2845861631,180.7115752389,222.1649900342,271.8341303965,331.2633508989,402.7150196347,449.1584920142,437.9295297139,426.9812914710,416.3067591843,405.8990902047,395.7516129495,385.8578226258,376.2113770602,366.8060926337,357.6359403178,348.6950418099,339.9776657646,331.4782241205,323.1912685175,315.1114868046,307.2336996344,299.5528571436,292.0640357150,284.7624348221,277.6433739516,270.7022896028,345.6612890911,344.5015292783,335.8889910464,327.4917662702,319.3044721134,311.3218603106,303.5388138028,295.9503434578,288.5515848713,281.3377952495,274.3043503683,267.4467416091,260.7605730689,254.2415587421,247.8855197736,241.6883817793,235.6461722348,229.7550179289,224.0111424807,218.4108639187,212.9505923207,207.6268275127,202.4361568249,197.3752529042,192.4408715816,187.6298497921,182.9391035473,178.3656259586,173.9064853096,169.5588231769,165.3198525975,161.1868562825,157.1571848755,153.2282552536,149.3975488723,145.6626101504,142.0210448967,138.4705187743,135.0087558049,131.6335369098,128.3426984870,125.1341310249,97.7117005990,88.8576901898,86.6362479351,84.4703417367,82.3585831933,80.2996186135,78.2921281481,76.3348249444,74.4264543208,72.5657929628,70.7516481387,68.9828569353,67.2582855119,65.5768283741,63.9374076647,62.3389724731,60.7804981613,59.2609857072,57.7794610646,56.3349745380,54.9266001745,53.5534351701,52.2145992909,50.9092343086,49.6365034509,48.3955908646,47.1857010930,0.0000000000,0.0000000000
"Emissions Control Rate",0.0300000000,0.3879561373,0.4510935882,0.5230050675,0.6045525304,0.6967450389,0.8009665499,0.9193942165,1.0000000000,1.0000000000,1.0000000000,1.0000000000,1.0000000000,1.0000000000,1.0000000000,1.0000000000,1.0000000000,1.0000000000,1.0000000000,1.0000000000,1.0000000000,1.0000000000,1.0000000000,1.0000000000,1.0000000000,1.0000000000,1.0000000000,1.0000000000,1.0000000000,1.1836447477,1.2000000000,1.2000000000,1.2000000000,1.2000000000,1.2000000000,1.2000000000,1.2000000000,1.2000000000,1.2000000000,1.2000000000,1.2000000000,1.2000000000,1.2000000000,1.2000000000,1.2000000000,1.2000000000,1.2000000000,1.2000000000,1.2000000000,1.2000000000,1.2000000000,1.2000000000,1.2000000000,1.2000000000,1.2000000000,1.2000000000,1.2000000000,1.2000000000,1.2000000000,1.2000000000,1.2000000000,1.2000000000,1.2000000000,1.2000000000,1.2000000000,1.2000000000,1.2000000000,1.2000000000,1.2000000000,1.2000000000,1.2000000000,1.0445039938,1.0000000000,1.0000000000,1.0000000000,1.0000000000,1.0000000000,1.0000000000,1.0000000000,1.0000000000,1.0000000000,1.0000000000,1.0000000000,1.0000000000,1.0000000000,1.0000000000,1.0000000000,1.0000000000,1.0000000000,1.0000000000,1.0000000000,1.0000000000,1.0000000000,1.0000000000,1.0000000000,1.0000000000,1.0000000000,1.0000000000,0.0000000000,0.0000000000
"Social cost of carbon",66.4363020278,84.3379455598,106.4044733278,133.6170448126,166.9789679893,207.6618025549,257.1492785237,317.5204225691,392.0350967825,484.6664023947,599.1313302510,739.8188745108,912.0301443856,1122.1865534091,1378.0794547685,1689.1441882045,2066.8347676208,2525.1390710295,3081.0421718148,3755.3545423761,4573.7883022074,5568.8533276749,6783.5593892950,8279.5496806186,10154.6508610660,12572.9173882827,15765.4399284429,19662.7600487698,21256.7158125121,371.7792512725,392.6351216537,413.0660443484,433.2868171980,453.2761467575,472.9639674881,492.2801502580,511.1658208070,529.5749098337,547.4735074946,564.8389386970,581.6589624596,597.9311023210,613.6620876555,628.8673924772,643.5709342394,657.8051405187,671.6125176241,685.0571037984,698.2254146609,711.1037247140,723.6393526740,735.7845261456,747.5033278613,758.7685739274,769.5579707905,779.8513707735,789.6291037713,798.8710318833,807.5560878428,815.6620673189,823.1656224179,830.0423894708,836.2673137826,841.8152490884,846.6620663209,850.7866400620,854.1743851277,856.8233647631,858.7542760339,860.0235293932,860.7151224922,860.0107837453,858.5596262980,855.4190909352,850.1279565400,842.5785821999,832.6858006867,820.3709408645,805.5623057268,788.1983495227,768.2309438661,745.6287462488,720.3807794602,692.5012890708,662.0373925754,629.0818039874,593.7934256219,556.4228389658,517.2898628559,474.4420119490,421.5411309650,376.7313623577,329.1243810407,279.0958570561,226.8502168008,172.4496688915,115.8981225105,57.5309921763,0.0000000000,0.0000000000
"Interest Rate ",0.0491102342,0.0482497161,0.0472672285,0.0461904445,0.0450940966,0.0441003674,0.0433930087,0.0433061680,0.0435138328,0.0432839760,0.0427964365,0.0421702607,0.0414766656,0.0407591669,0.0400409194,0.0393343673,0.0386505360,0.0379878307,0.0373479110,0.0367294000,0.0361314043,0.0355523891,0.0349907347,0.0344443832,0.0339102656,0.0333834372,0.0328555412,0.0323120475,0.0317626770,0.0314480021,0.0311639006,0.0308375028,0.0304777337,0.0301019777,0.0297221398,0.0293449655,0.0289740050,0.0286110424,0.0282569155,0.0279119593,0.0275762393,0.0272496752,0.0269321073,0.0266233325,0.0263231249,0.0260312452,0.0257474485,0.0254715671,0.0252033437,0.0249413278,0.0246857350,0.0244369774,0.0241951713,0.0239602040,0.0237318497,0.0235098462,0.0232939278,0.0230838478,0.0228793766,0.0226803078,0.0224864517,0.0222976366,0.0221137025,0.0219345022,0.0217598977,0.0215897614,0.0214239687,0.0212624072,0.0211049682,0.0209515551,0.0208026523,0.0206544634,0.0205002360,0.0203534325,0.0202156056,0.0200842461,0.0199577592,0.0198352964,0.0197165335,0.0196014940,0.0194905815,0.0193846368,0.0192852171,0.0191950972,0.0191191421,0.0190658804,0.0190502072,0.0190982909,0.0192563299,0.0127469195,0.0200599378,0.0195022765,0.0190896651,0.0187776503,0.0185361012,0.0183443348,0.0181880225,0.0180621402,0.0179448168,0.0000000000
"Population",7403.0000000000,7853.0908476727,8264.9206603510,8638.9749595589,8976.5569175846,9279.5429846998,9550.1795276372,9790.9199655999,10004.2989762545,10192.8388950882,10358.9829704432,10505.0502888009,10633.2076774518,10745.4545382608,10843.6172481003,10929.3504090389,11004.1428085735,11069.3264428809,11126.0873632638,11175.4774339743,11218.4263481746,11255.7534487625,11288.1790526787,11316.3350906170,11340.7749569950,11361.9825244520,11380.3803185893,11396.3368766186,11410.1733315252,11422.1692739908,11432.5679497313,11441.5808516530,11449.3917654819,11456.1603251381,11462.0251307443,11467.1064782147,11471.5087451911,11475.3224738905,11478.6261873501,11481.4879716884,11483.9668533978,11486.1139973812,11487.9737484300,11489.5845361332,11490.9796607703,11492.1879755794,11493.2344788639,11494.1408277057,11494.9257835520,11495.6055986273,11496.1943509668,11496.7042348559,11497.1458125759,11497.5282325851,11497.8594185907,11498.1462333795,11498.3946207674,11498.6097285807,11498.7960151984,11498.9573418478,11499.0970525550,11499.2180433989,11499.3228224984,11499.4135619699,11499.4921429307,11499.5601944767,11499.6191274409,11499.6701636319,11499.7143611563,11499.7526363497,11499.7857827701,11499.8144876474,11499.8393461290,11499.8608736175,11499.8795164551,11499.8956611769,11499.9096425242,11499.9217503848,11499.9322358023,11499.9413161817,11499.9491797959,11499.9559896903,11499.9618870620,11499.9669941884,11499.9714169616,11499.9752470846,11499.9785639722,11499.9814363976,11499.9839239186,11499.9860781122,11499.9879436442,11499.9895591951,11499.9909582624,11499.9921698549,11499.9932190940,11499.9941277352,11499.9949146185,11499.9955960595,11499.9961861874,11499.9966972382
"TFP",5.1150000000,5.5357142857,5.9788909260,6.4448082613,6.9336925574,7.4457169695,7.9810008155,8.5396091538,9.1215526619,9.7267878050,10.3552172853,11.0066907583,11.6810058031,12.3779091300,13.0970980090,13.8382219009,14.6008842738,15.3846445844,16.1890204062,17.0134896847,17.8574931007,18.7204365230,19.6016935319,20.5006079960,21.4164966848,22.3486519010,23.2963441179,24.2588246049,25.2353280311,26.2250750319,27.2272747272,28.2411271830,29.2658258048,30.3005596550,31.3445156884,32.3968808973,33.4568443635,34.5235992103,35.5963444528,36.6742867432,37.7566420095,38.8426369862,39.9315106367,41.0225154679,42.1149187373,43.2080035549,44.3010698797,45.3934354161,46.4844364090,47.5734283446,48.6597865564,49.7429067422,50.8222053948,51.8971201506,52.9671100593,54.0316557794,55.0902597031,56.1424460150,57.1877606882,58.2257714225,59.2560675276,60.2782597568,61.2919800937,62.2968814960,63.2926376010,64.2789423944,65.2555098482,66.2220735291,67.1783861815,68.1242192879,69.0593626096,69.9836237100,70.8968274647,71.7988155581,72.6894459718,73.5685924645,74.4361440471,75.2920044541,76.1360916132,76.9683371147,77.7886856825,78.5970946475,79.3935334252,80.1779829984,80.9504354064,81.7108932408,82.4593691494,83.1958853497,83.9204731504,84.6331724842,85.3340314503,86.0231058679,86.7004588417,87.3661603381,88.0202867739,88.6629206168,89.2941499979,89.9140683370,90.5227739797,91.1203698470
"Output gross,gross",105.1774219755,125.2161789591,147.3504798903,171.8629773796,198.8479783803,228.3756171550,260.4710308184,295.0531095657,331.7588143941,370.6856030640,412.8559517685,458.1949394943,506.6546896170,558.2142596385,612.8705754472,670.6350758710,731.5255723257,795.5608561536,862.7703938006,933.1752270627,1006.7958470398,1083.6469284312,1163.7390998481,1247.0785326229,1333.6691332016,1423.5166876184,1516.6365237586,1613.0681952254,1712.9034683911,1816.3391569086,1921.0299652554,2028.8255336917,2140.0331309430,2254.4942267765,2372.0192157344,2492.4498768954,2615.6557554018,2741.5227156816,2869.9445425311,3000.8180027494,3134.0402082860,3269.5073083422,3407.1139185463,3546.7529562873,3688.3157046627,3831.6920093196,3976.7705485178,4123.4391579644,4271.5851811929,4421.0973504900,4571.8672834242,4723.7714891945,4876.6877219508,5030.4993400541,5185.0939568712,5340.3618787880,5496.1952026524,5652.4874392758,5809.1334761649,5966.0296763425,6123.0740682180,6280.1665382768,6437.2090353447,6594.1057474323,6750.7632749193,6907.0907793175,7063.0001175229,7218.4059393465,7373.2257991940,7527.3801987849,7680.7926149916,7833.3894299543,7985.3493748510,8136.4458264326,8286.3568667894,8435.0413452942,8582.5175452217,8728.7747899917,8873.7814907467,9017.4927747266,9159.8537804508,9300.7987645013,9440.2448471227,9578.0789502424,9714.1335538518,9848.1432813181,9979.6681251706,10107.9572830269,10231.7070974163,10348.6251491837,10454.6313505307,10635.4766461820,10799.0648781920,10949.8715053861,11091.0640817015,11224.8927038587,11352.9599362853,11476.4094100325,11596.0585943476,11712.5173812209
"Change tfp",0.0760000000,0.0741235533,0.0722934363,0.0705085050,0.0687676438,0.0670697646,0.0654138062,0.0637987336,0.0622235372,0.0606872326,0.0591888595,0.0577274814,0.0563021848,0.0549120789,0.0535562948,0.0522339852,0.0509443235,0.0496865037,0.0484597395,0.0472632643,0.0460963301,0.0449582077,0.0438481856,0.0427655700,0.0417096843,0.0406798686,0.0396754790,0.0386958880,0.0377404831,0.0368086672,0.0358998580,0.0350134874,0.0341490013,0.0333058594,0.0324835348,0.0316815135,0.0308992941,0.0301363878,0.0293923178,0.0286666189,0.0279588375,0.0272685314,0.0265952689,0.0259386294,0.0252982024,0.0246735875,0.0240643945,0.0234702425,0.0228907601,0.0223255852,0.0217743646,0.0212367536,0.0207124163,0.0202010249,0.0197022598,0.0192158093,0.0187413693,0.0182786432,0.0178273419,0.0173871833,0.0169578922,0.0165392003,0.0161308460,0.0157325740,0.0153441354,0.0149652873,0.0145957931,0.0142354216,0.0138839478,0.0135411519,0.0132068197,0.0128807422,0.0125627155,0.0122525410,0.0119500246,0.0116549775,0.0113672151,0.0110865575,0.0108128294,0.0105458597,0.0102854815,0.0100315321,0.0097838527,0.0095422885,0.0093066885,0.0090769056,0.0088527960,0.0086342197,0.0084210400,0.0082131238,0.0080103411,0.0078125650,0.0076196721,0.0074315417,0.0072480563,0.0070691012,0.0068945644,0.0067243370,0.0065583126,0.0063963873
"Capital",223.0000000000,267.0101782043,315.4129153797,369.9666678934,431.1209781746,499.1702145001,574.0900176342,655.0671763520,739.1685101921,826.8604469881,925.5314213177,1034.4656994893,1153.1595485931,1281.3101755975,1418.7500578243,1565.4279945462,1721.3532517698,1886.5587763849,2061.1825519139,2245.3211265868,2439.0940815591,2642.6041307857,2855.9528217988,3079.2386003477,3312.5760374764,3556.1316663012,3810.1901379004,4075.2813423764,4352.4242039762,4643.5911268148,4929.0630446510,5224.8621762170,5534.0117257167,5855.5864661127,6188.4083798493,6531.5833768382,6884.4741344050,7246.6037005656,7617.5833848286,7997.0692926975,8384.7381019779,8780.2740142553,9183.3619375667,9593.6841271668,10010.9187977252,10434.7399090364,10864.8176264802,11300.8193161875,11742.4108293183,12189.2719212547,12641.1084469941,13097.4846690417,13557.9711802323,14022.1839712391,14489.7709840960,14960.3965014213,15433.7315306669,15909.4490606614,16387.2225284306,16866.7256393104,17347.6331373690,17829.6217045375,18312.3710711439,18795.5649675940,19278.8921380316,19762.0472155111,20244.7315480382,20726.6537586692,21207.5305204788,21687.0867471537,22165.0557088458,22641.1782708521,23117.6099066353,23592.5829010203,24063.3767277704,24529.9574746639,24992.8495896770,25452.2803594280,25908.2561439978,26360.6353951495,26809.1601119391,27253.4467286503,27692.9246230279,28126.7077272726,28553.3560731300,28970.4487076906,29373.8291853854,29756.2712349609,30105.1207563042,30398.0961061530,30595.7404235859,31538.8188311440,32328.7081555936,33005.9046716551,33600.0884996491,34132.8674345183,34619.9003200676,35072.4987319189,35498.8158016189,35904.9708713949
"s",0.2580925467,0.2543314070,0.2524690532,0.2513586087,0.2508362077,0.2506199198,0.2501207855,0.2479968945,0.2454114657,0.2452674126,0.2450260802,0.2447444091,0.2444661738,0.2442130589,0.2439996236,0.2438283844,0.2436951665,0.2436100075,0.2435620326,0.2435503129,0.2435699524,0.2436189705,0.2436963849,0.2438046779,0.2439519876,0.2441560305,0.2444515296,0.2449037265,0.2456326676,0.2448509813,0.2448886622,0.2451133516,0.2453258384,0.2455083919,0.2456695514,0.2458178091,0.2459583781,0.2460940567,0.2462262578,0.2463556685,0.2464826101,0.2466072245,0.2467295710,0.2468496783,0.2469675746,0.2470833042,0.2471969451,0.2473086186,0.2474189428,0.2475290921,0.2476356601,0.2477383791,0.2478379620,0.2479349741,0.2480297380,0.2481224159,0.2482130796,0.2483017620,0.2483884745,0.2484732251,0.2485560185,0.2486368627,0.2487157657,0.2487927395,0.2488677992,0.2489409635,0.2490122505,0.2490816849,0.2491492854,0.2492150631,0.2492789990,0.2493869131,0.2494825923,0.2495435610,0.2495997311,0.2496592513,0.2497199406,0.2497797403,0.2498367866,0.2498889082,0.2499329882,0.2499638821,0.2499727991,0.2499445104,0.2498525106,0.2496506337,0.2492583446,0.2485349571,0.2472336711,0.2449184948,0.2582781457,0.2582781457,0.2582781457,0.2582781457,0.2582781457,0.2582781457,0.2582781457,0.2582781457,0.2582781457,0.2582781457
"I",27.0661816409,31.5492150504,36.7436990982,42.5318720900,48.9195176196,55.8669995348,63.2145523678,70.4715786456,78.0777666810,87.4557191951,97.5897301031,108.4635795403,120.0761987497,132.4298424472,145.5340545803,159.3967350541,174.0233789495,189.4376920093,205.6426883014,222.6508819042,240.4686933132,259.1043017222,278.5654037207,298.8632872714,320.0177283863,342.0659900532,365.0804335695,389.2022648233,414.7056317218,437.4137840356,462.8599477962,489.7565718565,517.5615764388,546.1486254949,575.4780225242,605.5278932432,636.2781137882,667.7072731363,699.7924959580,732.5097310666,765.8340024837,799.7395869778,834.2001473306,869.1888514949,904.6784936335,940.6416115187,977.0506311854,1013.8780062605,1051.0991501301,1088.6930540425,1126.6073084352,1164.8074916020,1203.2675138048,1241.9623141838,1280.8663266045,1319.9534001085,1359.1969858236,1398.5703905201,1438.0469216995,1477.6000629225,1517.2035626505,1556.8315501663,1596.4585947589,1636.0597960634,1675.6108393850,1715.0880575502,1754.4684453736,1793.7297485044,1832.8504100232,1871.8095711038,1910.5869050672,1949.6441098960,1988.3730854502,2026.4384901094,2064.1548301366,2101.6310000925,2138.8505210439,2175.7878229118,2212.4138449361,2248.6937034914,2284.5811548303,2320.0073728454,2354.8625333242,2388.9632854506,2421.9954960136,2453.4137855962,2482.2637678565,2506.8680309544,2524.2646701526,2529.1937307727,2694.4680136842,2741.0702047983,2783.2251585717,2822.0863700167,2858.4702352721,2892.9566857318,2925.9587583844,2957.7712050816,2988.6550257394,3018.6614212673
"Y gross net",104.8709186576,124.7627254380,146.6632353315,170.9523142576,197.6869690383,226.9158491698,258.6715662864,292.8783397930,329.1970423537,367.7597017858,409.5796653930,454.5421009639,502.5858662862,553.6807309703,607.8253858534,665.0292893330,725.3065525350,788.7019959652,855.2343145826,924.9324779259,997.8146633712,1073.8966646567,1153.1875727704,1235.6926406786,1321.4156129033,1410.3624328367,1502.5487355264,1598.0143512510,1696.8509118802,1799.2527068950,1902.8954423834,2010.4395630849,2121.5987160052,2236.0265234830,2353.5149568999,2473.9152635229,2597.1052622867,2722.9746602699,2851.4180609360,2982.3315045463,3115.6107510576,3251.1504680343,3388.8439139899,3528.5829010864,3670.2579184737,3813.7583476729,3958.9727223767,4105.7890200448,4254.0985938412,4403.7960899187,4554.7308282064,4706.7737682715,4859.8112239289,5013.7351272512,5168.4392239396,5323.8177295896,5479.7650248875,5636.1757720350,5792.9452205334,5949.9695384568,6107.1461641945,6264.3741178902,6421.5542974708,6578.5897292422,6735.3858013665,6891.8504618763,7047.8943924347,7203.4311366101,7358.3772343025,7512.6522803129,7666.1789620105,7818.8829944212,7970.9421147326,8121.4797672895,8270.7073718032,8418.7957046933,8565.7483014600,8711.5332251458,8856.1024864687,8999.4001623969,9141.3643798553,9281.9251095654,9420.9969508511,9558.4654449552,9694.1624648120,9827.8226305128,9959.0065357875,10086.9647729531,10210.3963248585,10327.0135451414,10432.7449226697,10613.1615717325,10776.3599262514,10926.8062387077,11067.6615115134,11201.1711577299,11328.9343799957,11452.0923866059,11571.4592022217,11687.6378105477
"damages",0.3065033179,0.4534535212,0.6872445587,0.9106631220,1.1610093420,1.4597679853,1.7994645320,2.1747697727,2.5617720404,2.9259012781,3.2762863756,3.6528385304,4.0688233308,4.5335286682,5.0451895937,5.6057865380,6.2190197907,6.8588601884,7.5360792180,8.2427491368,8.9811836685,9.7502637746,10.5515270776,11.3858919443,12.2535202983,13.1542547818,14.0877882322,15.0538439744,16.0525565110,17.0864500135,18.1345228720,18.3859706067,18.4344149378,18.4677032935,18.5042588345,18.5346133725,18.5504931152,18.5480554117,18.5264815951,18.4864982031,18.4294572284,18.3568403079,18.2700045564,18.1700552009,18.0577861890,17.9336616466,17.7978261411,17.6501379196,17.4865873517,17.3012605714,17.1364552179,16.9977209230,16.8764980219,16.7642128029,16.6547329316,16.5441491984,16.4301777649,16.3116672408,16.1882556315,16.0601378857,15.9279040235,15.7924203866,15.6547378739,15.5160181901,15.3774735529,15.2403174411,15.1057250881,14.9748027364,14.8485648915,14.7279184719,14.6136529811,14.5064355330,14.4072601184,14.9660591430,15.6494949862,16.2456406009,16.7692437617,17.2415648459,17.6790042780,18.0926123296,18.4894005955,18.8736549359,19.2478962716,19.6135052871,19.9710890399,20.3206508053,20.6615893831,20.9925100738,21.3107725578,21.6116040423,21.8864278610,22.3150744495,22.7049519406,23.0652666785,23.4025701882,23.7215461288,24.0255562896,24.3170234266,24.5993921258,24.8795706733
"damfrac",0.0029141551,0.0036213653,0.0046640130,0.0052987743,0.0058386781,0.0063919608,0.0069085016,0.0073707739,0.0077217904,0.0078932153,0.0079356646,0.0079722367,0.0080307622,0.0081214849,0.0082320637,0.0083589224,0.0085014387,0.0086214149,0.0087347448,0.0088330132,0.0089205609,0.0089976389,0.0090669181,0.0091300521,0.0091878263,0.0092406748,0.0092888362,0.0093324287,0.0093715477,0.0094070812,0.0094400000,0.0090623715,0.0086140792,0.0081915061,0.0078010577,0.0074363034,0.0070921004,0.0067656034,0.0064553448,0.0061604863,0.0058804151,0.0056145586,0.0053623110,0.0051230112,0.0048959437,0.0046803505,0.0044754471,0.0042804410,0.0040936998,0.0039133408,0.0037482399,0.0035983368,0.0034606477,0.0033325147,0.0032120407,0.0030979453,0.0029893730,0.0028857503,0.0027866903,0.0026919306,0.0026012921,0.0025146499,0.0024319139,0.0023530132,0.0022778867,0.0022064742,0.0021387123,0.0020745304,0.0020138492,0.0019565796,0.0019026230,0.0018518721,0.0018042116,0.0018393853,0.0018885857,0.0019259705,0.0019538840,0.0019752560,0.0019922740,0.0020063906,0.0020185257,0.0020292510,0.0020389192,0.0020477494,0.0020558796,0.0020633992,0.0020703684,0.0020768301,0.0020828169,0.0020883551,0.0020934672,0.0020981734,0.0021024924,0.0021064418,0.0021100383,0.0021132983,0.0021162372,0.0021188703,0.0021213580,0.0021241864
"abatement",0.0008556420,0.7150687830,1.1257976432,1.7443754292,2.6612266879,4.0006093135,5.9354641990,8.7151901675,11.0465987882,11.1867748610,11.2966334737,11.3712848114,11.4087152856,11.4089824425,11.3734224970,11.3041891062,11.2038419188,11.0751080544,10.9209127728,10.7440326423,10.5471826422,10.3329316634,10.1037153401,9.8618247278,9.6094186482,9.3485427208,9.0811588707,8.8091953345,8.5346312996,12.8037343107,12.8122363926,12.3575790825,11.9082744639,11.4645800570,11.0267683337,10.5953947789,10.1711696785,9.7548369318,9.3471041152,8.9486086300,8.5599039844,8.1814564433,7.8136468529,7.4567749858,7.1110650579,6.7766717195,6.4536861383,6.1421419975,5.8420212728,5.5532616385,5.2757621853,5.0093677126,4.7538959068,4.5091441778,4.2748899338,4.0508915748,3.8368906231,3.6326144040,3.4377788565,3.2520912057,3.0752524291,2.9069594607,2.7469071541,2.5947900061,2.4503036703,2.3131462739,2.1830195578,2.0596298516,1.9426889133,1.8319146239,1.7270315689,1.1347193815,0.9548429219,0.8996088949,0.8473806010,0.7980172805,0.7513870747,0.7073582538,0.6658012348,0.6265899832,0.5896026894,0.5547219709,0.5218347108,0.4908316209,0.4616064719,0.4340548495,0.4080721748,0.3835505106,0.3603733504,0.3384068988,0.3174850720,0.3000095647,0.2830302430,0.2667035148,0.2511134086,0.2362975890,0.2222641995,0.2090028284,0.0000000000,0.0000000000
"sigma",0.3503200274,0.3246822788,0.3010349411,0.2792152334,0.2590743238,0.2404760815,0.2232959463,0.2074199022,0.1927435454,0.1791712386,0.1666153423,0.1549955162,0.1442380842,0.1342754572,0.1250456074,0.1164915899,0.1085611080,0.1012061158,0.0943824573,0.0880495373,0.0821700206,0.0767095582,0.0716365379,0.0669218555,0.0625387068,0.0584623973,0.0546701686,0.0511410389,0.0478556582,0.0447961753,0.0419461158,0.0392902714,0.0368145974,0.0345061197,0.0323528491,0.0303437030,0.0284684333,0.0267175606,0.0250823138,0.0235545746,0.0221268260,0.0207921062,0.0195439653,0.0183764257,0.0172839457,0.0162613863,0.0153039805,0.0144073047,0.0135672531,0.0127800133,0.0120420446,0.0113500572,0.0107009941,0.0100920133,0.0095204720,0.0089839120,0.0084800460,0.0080067454,0.0075620281,0.0071440486,0.0067510875,0.0063815426,0.0060339209,0.0057068300,0.0053989716,0.0051091344,0.0048361882,0.0045790780,0.0043368188,0.0041084907,0.0038932344,0.0036902469,0.0034987776,0.0033181248,0.0031476322,0.0029866860,0.0028347116,0.0026911716,0.0025555625,0.0024274129,0.0023062815,0.0021917545,0.0020834442,0.0019809872,0.0018840428,0.0017922912,0.0017054327,0.0016231859,0.0015452866,0.0014714869,0.0014015540,0.0013352690,0.0012724265,0.0012128333,0.0011563078,0.0011026794,0.0010517874,0.0010034808,0.0009576175,0.0009140636
"Forcings",2.4547830573,2.8142879104,2.9156163314,3.0243272355,3.1422148578,3.2376806916,3.3123062012,3.3501265183,3.3360515602,3.2959972303,3.2674231566,3.2476826164,3.2373649807,3.2310534307,3.2285820394,3.2299428976,3.2225093474,3.2153104725,3.2041472107,3.1913101786,3.1765314573,3.1606939996,3.1441100826,3.1268974616,3.1091362465,3.0908731479,3.0721324118,3.0529403896,3.0335736663,3.0142582301,2.8655778408,2.7300848334,2.6087451112,2.4953453345,2.3873179128,2.2836149613,2.1838240915,2.0877852925,1.9954258586,1.9066906801,1.8215136906,1.7398069527,1.6614574897,1.5863278419,1.5142587261,1.4450731013,1.3785812379,1.3141807625,1.2512151524,1.1943794182,1.1426573619,1.0947018316,1.0496663536,1.0070094825,0.9663788928,0.9275434399,0.8903522265,0.8547090151,0.8205554701,0.7878595803,0.7566072285,0.7267957934,0.6984291712,0.6715138795,0.6460560424,0.6220591215,0.5995222854,0.5784393224,0.5587980059,0.5405798270,0.5237600152,0.5083077795,0.5516434689,0.5872876655,0.6110028117,0.6299676313,0.6458816220,0.6597534598,0.6722006910,0.6836022964,0.6941926767,0.7041190779,0.7134763804,0.7223280448,0.7307186595,0.7386814266,0.7462426112,0.7534241790,0.7602453536,0.7667235362,0.7728748467,0.7787144434,0.7842567128,0.7895153832,0.7945035943,0.7992339426,0.8037185110,0.8080654779,0.8125698442,0.9492747548
"Other Forcings",0.4036568851,0.5538285186,0.5918175398,0.6165912853,0.6579289508,0.6922780939,0.7280669313,0.7569338368,0.7728502083,0.7846599863,0.7922944455,0.8022745673,0.8179168814,0.8348595605,0.8534802237,0.8741296540,0.8844490433,0.8936797243,0.8978052012,0.8992624918,0.8979077293,0.8947272772,0.8901210517,0.8842811429,0.8773512525,0.8694329129,0.8605979086,0.8509140232,0.8406941165,0.8301960603,0.8194628404,0.8085164939,0.7973723415,0.7860426483,0.7745378248,0.7628669075,0.7510378077,0.7390574726,0.7269320049,0.7146667576,0.7022664122,0.6897350429,0.6770761714,0.6642928126,0.6513875125,0.6383623808,0.6252191170,0.6115533400,0.5969070427,0.5861672964,0.5784979326,0.5727278859,0.5681641479,0.5643917350,0.5611583858,0.5583081035,0.5557423475,0.5533971996,0.5512298554,0.5492105858,0.5473179216,0.5455357425,0.5438514961,0.5422550917,0.5407381984,0.5392937902,0.5379158412,0.5365991156,0.5353390171,0.5341314788,0.5329728777,0.5318599692,0.5307898337,0.5297598327,0.5287675735,0.5278108780,0.5268877579,0.5259963917,0.5251351066,0.5243023621,0.5234967355,0.5227169098,0.5219616633,0.5212298596,0.5205204399,0.5198324153,0.5191648608,0.5185169092,0.5178877466,0.5172766074,0.5166827705,0.5161055560,0.5155443215,0.5149984598,0.5144673956,0.5139505840,0.5134475076,0.5130542617,0.5130542617,0.5130542617
"Period utilty",0.4511937690,0.4897430524,0.5254783775,0.5585052452,0.5889565193,0.6170268570,0.6429985432,0.6672723763,0.6904602783,0.7128366410,0.7341045848,0.7541451687,0.7729443921,0.7905428673,0.8070082119,0.8224174676,0.8368486902,0.8503794409,0.8630796035,0.8750139002,0.8862408204,0.8968135094,0.9067800056,0.9161837247,0.9250637329,0.9334547496,0.9413868051,0.9488843370,0.9559643308,0.9626466157,0.9690413855,0.9751730348,0.9810377321,0.9866356350,0.9919733430,0.9970612945,1.0019116076,1.0065368343,1.0109493277,1.0151609439,1.0191829179,1.0230258253,1.0266995870,1.0302134940,1.0335762408,1.0367959620,1.0398802692,1.0428362865,1.0456707050,1.0483897893,1.0509990978,1.0535039568,1.0559095253,1.0582207312,1.0604422302,1.0625783961,1.0646333299,1.0666108762,1.0685146436,1.0703480228,1.0721142052,1.0738161985,1.0754568409,1.0770388141,1.0785646548,1.0800367645,1.0814574194,1.0828287783,1.0841528907,1.0854317043,1.0866670721,1.0878608764,1.0890141617,1.0901265758,1.0912004544,1.0922383589,1.0932422729,1.0942138042,1.0951543443,1.0960651775,1.0969475522,1.0978027543,1.0986321895,1.0994375137,1.1002208528,1.1009851746,1.1017349370,1.1024772049,1.1032236129,1.1039938198,1.1035854266,1.1044973498,1.1053030936,1.1060303609,1.1066982247,1.1073199787,1.1079049901,1.1084599277,1.1089904492,1.1094983396
"Consumption",77.8038813747,92.4984416046,108.7937385901,126.6760667384,146.1062247308,167.0482403215,189.5215497196,213.6915709799,240.0726768845,269.1172077297,300.6933018162,334.7072366121,371.1009522508,409.8419060807,450.9179087762,494.3283651728,540.0793316667,588.1891959015,638.6707135084,691.5375633794,746.7987874159,804.4594312710,864.5184537096,926.9675286794,991.7884658688,1058.9479000626,1128.3871430862,1200.0028910931,1273.6106488588,1349.0351885487,1427.2232581946,1508.3254121460,1592.1288651025,1678.4133179311,1767.0101660419,1857.7919755008,1950.6559788200,2045.5125502018,2142.2784608627,2240.8731648497,2341.2168445895,2443.2294246132,2546.8301198065,2651.9372746057,2758.4683597822,2866.3400644348,2975.4684050529,3085.7688717867,3197.1574224383,3309.5497742377,3422.8477575859,3536.9569089569,3651.7898142174,3767.2636688896,3883.2980074014,3999.8134379063,4116.7311484408,4233.9727671109,4351.4605199774,4469.1173843285,4586.8673491149,4704.6356082632,4822.3487955578,4939.9351431727,5057.3246583112,5174.4492580522,5291.2429275032,5407.6417582540,5523.5841353660,5639.0107945852,5753.8650253744,5868.1041651438,5981.6141863605,6094.1416682853,6205.7051610656,6316.3666873202,6426.1463933414,6535.0380439802,6643.0228402979,6750.0798689223,6856.1936223356,6961.3630147491,7065.6125828162,7169.0113278838,7271.7053623264,7373.9747900671,7476.3346957561,7579.7131914881,7685.7712813555,7797.4814074699,7737.9594239135,7871.7913573694,7992.8517374368,8104.4531651762,8208.9401628327,8307.9781744092,8402.7533574117,8494.1121786959,8582.8041764824,8668.9763892804
"Land emissions",2.6000000000,2.3010000000,2.0363850000,1.8022007250,1.5949476416,1.4115286628,1.2492028666,1.1055445370,0.9784069152,0.8658901200,0.7663127562,0.6781867892,0.6001953084,0.5311728480,0.4700879705,0.4160278539,0.3681846507,0.3258434158,0.2883714230,0.2552087094,0.2258597078,0.1998858414,0.1768989696,0.1565555881,0.1385516955,0.1226182505,0.1085171517,0.0960376793,0.0849933461,0.0752191113,0.0665689135,0.0589134885,0.0521384373,0.0461425170,0.0408361276,0.0361399729,0.0319838760,0.0283057303,0.0250505713,0.0221697556,0.0196202337,0.0173639068,0.0153670575,0.0135998459,0.0120358636,0.0106517393,0.0094267893,0.0083427085,0.0073832970,0.0065342179,0.0057827828,0.0051177628,0.0045292201,0.0040083598,0.0035473984,0.0031394476,0.0027784111,0.0024588938,0.0021761210,0.0019258671,0.0017043924,0.0015083873,0.0013349227,0.0011814066,0.0010455449,0.0009253072,0.0008188969,0.0007247237,0.0006413805,0.0005676217,0.0005023452,0.0004445755,0.0003934494,0.0003482027,0.0003081594,0.0002727210,0.0002413581,0.0002136019,0.0001890377,0.0001672984,0.0001480591,0.0001310323,0.0001159636,0.0001026278,0.0000908256,0.0000803806,0.0000711368,0.0000629561,0.0000557162,0.0000493088,0.0000436383,0.0000386199,0.0000341786,0.0000302481,0.0000267695,0.0000236910,0.0000209666,0.0000185554,0.0000164215,0.0000145331
"Cumulative ind emissions",420.4902535000,469.2626124300,503.2185807009,536.4448288924,567.6804211266,595.4806834252,618.2077861138,634.0050138269,640.7368162997,640.7368162997,640.7368162997,640.7368162997,640.7368162997,640.7368162997,640.7368162997,640.7368162997,640.7368162997,640.7368162997,640.7368162997,640.7368162997,640.7368162997,640.7368162997,640.7368162997,640.7368162997,640.7368162997,640.7368162997,640.7368162997,640.7368162997,640.7368162997,640.7368162997,620.3461727756,598.3538841854,576.5981238701,555.0958154362,533.8638701176,512.9191158025,492.2776969180,471.9546561659,451.9637174979,432.3171973732,413.0259879363,394.0995790184,375.5461010557,357.3723793551,339.5839945042,322.1853459763,305.1797171754,288.5693408410,272.3554640531,256.5384123490,241.1176473106,226.0918204753,211.4588847365,197.2161427987,183.3602841687,169.8874289319,156.7931764872,144.0726556495,131.7205738339,119.7312641151,108.0987297413,96.8166859252,85.8785989734,75.2777228180,65.0071330851,55.0597587916,45.4284117914,36.1058140734,27.0846230377,18.3574548037,9.9169057122,1.7555720971,0.0000000000,0.0000000000,0.0000000000,0.0000000000,0.0000000000,0.0000000000,0.0000000000,0.0000000000,0.0000000000,0.0000000000,0.0000000000,0.0000000000,0.0000000000,0.0000000000,0.0000000000,0.0000000000,0.0000000000,0.0000000000,0.0000000000,0.0000000000,0.0000000000,0.0000000000,0.0000000000,0.0000000000,0.0000000000,0.0000000000,0.0000000000,15.1536412458
"Cumulative total emissions",520.4902535000,572.8087117208,609.9029778641,645.9066196725,679.6002052578,709.5757916721,734.2280562031,751.7290521467,759.9686895035,761.3031233759,762.4840973529,763.5292593225,764.4542276657,765.2728246494,765.9972829800,766.6384286025,767.2058424785,767.7080037587,768.1524164917,768.5457217604,768.8937969232,769.2018434423,769.4744646117,769.7157343466,769.9292580620,770.1182265501,770.2854636621,770.4334685062,770.5644527932,770.6803738872,750.3923205313,728.4908242400,706.8154151092,685.3842174736,664.2152052115,643.3261466514,622.7340185100,602.4546000656,582.5022671400,562.8899130972,543.6289406428,524.7292914544,506.1994958524,488.0467330410,470.2768968069,452.8946638050,435.9035627446,419.3060434605,403.1035451621,387.2965634213,371.8847103004,356.8667705120,342.2408148098,328.0042502043,314.1538585135,300.6858415178,287.5958709165,274.8791395102,262.5304113414,250.5440696000,238.9141618863,227.6344426642,216.6984129782,206.0993575031,195.8303790722,185.8844307809,176.2543457927,166.9328649554,157.9126623590,149.1863688938,140.7465939727,132.5859454985,130.8309797510,130.8315163704,130.8319912786,130.8324115723,130.8327835323,130.8331127169,130.8334040452,130.8336618708,130.8338900464,130.8340919819,130.8342706947,130.8344288556,130.8345688280,130.8346927036,130.8348023334,130.8348993559,130.8349852207,130.8350612111,130.8351284626,130.8351879802,130.8352406533,130.8352872689,130.8353285238,130.8353650343,130.8353973461,130.8354259421,130.8354512496,145.9891148925
"Atmospheric concentrations Gt",848.4455281645,881.6986768412,892.0148429762,905.8719898170,918.6971835332,929.0669171673,935.7171142082,937.2569911891,932.1087994269,923.2726582801,917.1534741120,912.1610486906,907.8225815668,903.9538224399,900.4590406928,897.2749102498,894.3542313801,891.6597440193,889.1596459091,886.8285013783,884.6448624778,882.5909067610,880.6515808853,878.8141521383,877.0677568950,875.4030535828,873.8119610155,872.2874516948,870.8233856393,869.4143763547,847.6650527293,828.4962596044,811.8979695491,796.8203918254,782.8199528683,769.7000179068,757.3658997777,745.7638400721,734.8554761539,724.6073982572,714.9870338747,705.9611511384,697.4954545779,689.5546625627,682.1028248944,675.1037791814,668.5216927315,662.3216500150,656.4702475213,650.9362751756,645.6912072559,640.7080745611,635.9635261834,631.4381541579,627.1162448773,622.9854547029,619.0364367445,615.2624205806,611.6587600131,608.2224707565,604.9517808889,601.8457139217,598.9037196487,596.1253622559,593.5100697972,591.0569443675,588.7646287504,586.6312228746,584.6542421652,582.8306094531,581.1566726017,579.6282407249,584.3745645696,588.3237824599,590.9994061797,593.1656129581,595.0026206174,596.6180358868,598.0780352335,599.4233457603,600.6791926878,601.8614223606,602.9802322374,604.0424261695,605.0527700997,606.0148030328,606.9313200437,607.8046587805,608.6368687364,609.4298108751,610.1852160495,610.9047191513,611.5898790413,612.2421901990,612.8630895923,613.4539608169,614.0161367033,614.5509010859,615.0594901311,630.6967327006
"Total Emissions GTCO2 per year",38.3403846239,27.1839335490,26.3845796747,24.6916427143,21.9669798540,18.0659495131,12.8254113348,6.0386093890,0.9784069152,0.8658901200,0.7663127562,0.6781867892,0.6001953084,0.5311728480,0.4700879705,0.4160278539,0.3681846507,0.3258434158,0.2883714230,0.2552087094,0.2258597078,0.1998858414,0.1768989696,0.1565555881,0.1385516955,0.1226182505,0.1085171517,0.0960376793,0.0849933461,-14.8670444631,-16.0493801654,-15.8837076706,-15.7047531830,-15.5126270125,-15.3074798345,-15.0898917857,-14.8607403872,-14.6210541256,-14.3719193761,-14.1144285198,-13.8496522213,-13.5786247442,-13.3023362046,-13.0217285729,-12.7376937776,-12.4510730460,-12.1626569886,-11.8731862017,-11.5833521917,-11.2938024022,-11.0051431221,-10.7178975466,-10.4325520719,-10.1495648443,-9.8693609192,-9.5923287439,-9.3188192588,-9.0491466606,-8.7835900409,-8.5223953220,-8.2657773161,-8.0139217310,-7.7669871239,-7.5251067496,-7.2883903374,-7.0569257746,-6.8307807108,-6.6100040673,-6.3946275014,-6.1846667525,-5.9801229278,-1.2860386572,0.0003934494,0.0003482027,0.0003081594,0.0002727210,0.0002413581,0.0002136019,0.0001890377,0.0001672984,0.0001480591,0.0001310323,0.0001159636,0.0001026278,0.0000908256,0.0000803806,0.0000711368,0.0000629561,0.0000557162,0.0000493088,0.0000436383,0.0000386199,0.0000341786,0.0000302481,0.0000267695,0.0000236910,0.0000209666,0.0000185554,11.1046047265,10.7060009003
"Atmospheric fraction since 1850",0.5116421045,0.5229632009,0.5080710453,0.5012043235,0.4952270194,0.4889204533,0.4815619776,0.4723991852,0.4605031823,0.4480893987,0.4393700482,0.4322299967,0.4260317627,0.4205206465,0.4155605356,0.4110596326,0.4069487152,0.4031727467,0.3996848019,0.3964470731,0.3934276284,0.3905998274,0.3879411145,0.3854323608,0.3830572151,0.3808016016,0.3786533374,0.3766018275,0.3746378192,0.3727532017,0.3538472423,0.3381723584,0.3250596481,0.3132251763,0.3021297192,0.2915460835,0.2813803247,0.2715939767,0.2621700984,0.2530985109,0.2443693197,0.2359699634,0.2278837811,0.2200892985,0.2125599325,0.2052640209,0.1981651463,0.1912227401,0.1843929406,0.1776299669,0.1708873908,0.1641152384,0.1572656574,0.1502948656,0.1431637531,0.1358383057,0.1282898714,0.1204952155,0.1124363475,0.1041001344,0.0954777284,0.0865638532,0.0773559897,0.0678535003,0.0580567245,0.0479660663,0.0375810837,0.0268995769,0.0159166637,0.0046238140,-0.0069921893,-0.0189504151,0.0170736713,0.0472591253,0.0677097907,0.0842666843,0.0983073266,0.1106542231,0.1218132014,0.1320955637,0.1416941225,0.1507300018,0.1592811477,0.1673995669,0.1751216888,0.1824745646,0.1894795586,0.1961545387,0.2025151701,0.2085756767,0.2143492877,0.2198484990,0.2250852251,0.2300708882,0.2348164711,0.2393325486,0.2436293075,0.2477165599,0.2516037539,0.3325996823
"Atmospheric fraction since 2010",0.0000000000,0.6355910218,0.4872831048,0.4578864691,0.4415289564,0.4263752031,0.4083114024,0.3840681568,0.3493561640,0.3107272757,0.2839243429,0.2621616958,0.2433845045,0.2267657037,0.2118615932,0.1983739269,0.1860794510,0.1748022303,0.1643937677,0.1547354386,0.1457279246,0.1372890473,0.1293497740,0.1218519978,0.1147463992,0.1079907993,0.1015489121,0.0953893570,0.0894848675,0.0838116522,-0.0033948168,-0.0959096772,-0.1961493356,-0.3130807943,-0.4566052724,-0.6410626554,-0.8908085444,-1.2527602533,-1.8317423839,-2.9207333709,-5.7677618349,-33.6123531884,10.5627835092,4.8974621844,3.3127189129,2.5643947395,2.1270941693,1.8394559435,1.6354091508,1.4828725573,1.3643793508,1.2696066757,1.1920487125,1.1273930653,1.0726624066,1.0257304741,0.9850349275,0.9493996965,0.9179210816,0.8898924328,0.8647529502,0.8420520049,0.8214236969,0.8025683223,0.7852386029,0.7692292662,0.7543690276,0.7405143300,0.7275443925,0.7153572502,0.7038665581,0.6929989918,0.6776971271,0.6675629919,0.6606972148,0.6551386737,0.6504248823,0.6462796966,0.6425332949,0.6390811657,0.6358585797,0.6328248761,0.6299538902,0.6272281660,0.6246354766,0.6221667435,0.6198147969,0.6175736404,0.6154380169,0.6134031527,0.6114646079,0.6096181883,0.6078598950,0.6061858939,0.6045924984,0.6030761588,0.6016334553,0.6002610940,0.5989559032,0.5814369539
"alpha",0.4488140417,0.4906557225,0.5552218592,0.6113571739,0.6683239919,0.7269420434,0.7851109522,0.8404027675,0.8891185357,0.9266027699,0.9533086079,0.9759963948,0.9966113434,1.0159170253,1.0340494128,1.0511683294,1.0674285584,1.0823684601,1.0963474913,1.1093279099,1.1214599962,1.1328185985,1.1435083722,1.1536103091,1.1631849881,1.1722816946,1.1809416408,1.1891998010,1.1970870370,1.2046441372,1.2119105553,1.1930837879,1.1628063745,1.1280462999,1.0912935029,1.0535932668,1.0154961450,0.9773682772,0.9394946875,0.9021138645,0.8654295287,0.8296150202,0.7948154376,0.7611491862,0.7287094453,0.6975657074,0.6677654347,0.6393358463,0.6122749290,0.5865614918,0.5622928991,0.5394394485,0.5179249978,0.4976701223,0.4785992300,0.4606403158,0.4437241153,0.4277837789,0.4127549802,0.3985762260,0.3851891992,0.3725390409,0.3605745311,0.3492481581,0.3385160883,0.3283380518,0.3186771667,0.3094997219,0.3007749354,0.2924747047,0.2845733580,0.2770474158,0.2698753676,0.2661448917,0.2638523054,0.2619873440,0.2603839924,0.2589560976,0.2576537722,0.2564470448,0.2553173756,0.2542529281,0.2532458421,0.2522906357,0.2513832613,0.2505205489,0.2496998748,0.2489189675,0.2481757912,0.2474684772,0.2467952832,0.2461545680,0.2455447762,0.2449644284,0.2444121147,0.2438864897,0.2433862692,0.2429102271,0.2424582208,0.2420324482
"IIRF",43.2122033809,44.2294568059,45.6403431055,46.7395336388,47.7563037173,48.7158048875,49.5943290937,50.3710289666,51.0141222579,51.4853996503,51.8096746704,52.0781019872,52.3166483399,52.5356119290,52.7375113210,52.9249028983,53.1000900698,53.2587154663,53.4051683291,53.5394966414,53.6636324092,53.7786426281,53.8858321922,53.9862104051,54.0805414145,54.1694468155,54.2534449138,54.3329740460,54.4084170927,54.4802374661,54.5488716556,54.3701875120,54.0768260318,53.7304623733,53.3524363097,52.9512003252,52.5308828582,52.0941325607,51.6430901583,51.1797215210,50.7059287953,50.2235835914,49.7345318539,49.2405872165,48.7435185275,48.2450337471,47.7467615382,47.2502317886,46.7566531537,46.2670070956,45.7847710603,45.3112345946,44.8467396955,44.3914560933,43.9455205859,43.5090328108,43.0820351904,42.6645029272,42.2563449830,41.8574123569,41.4675101290,41.0864107117,40.7138666370,40.3496218971,39.9934213430,39.6450179913,39.3041783155,38.9706857337,38.6443425790,38.3249708539,38.0124120616,37.7065263741,37.4071913539,37.2483346725,37.1495998640,37.0686467117,36.9985873391,36.9358305227,36.8782900814,36.8247132383,36.7743286921,36.7266486952,36.6813539780,36.6382258389,36.5971058534,36.5578719550,36.5204242589,36.4846766828,36.4505520122,36.4179790033,36.3868906894,36.3572233921,36.3289161457,36.3019103601,36.2761496202,36.2515795638,36.2281478010,36.2058038579,36.1845475203,36.1644885839
"cbox1",127.0797715474,138.4489917184,146.5099465851,154.3338660672,161.6557725040,168.1697242453,173.5268885214,177.3300559248,179.1207069171,179.4108366721,179.6676014287,179.8948381528,180.0959425659,180.2739198836,180.4314297222,180.5708258420,180.6941913213,180.8033696843,180.8999924493,180.9855035105,181.0611807141,181.1281549539,181.1874270711,181.2398828101,181.2863060547,181.3273905421,181.3637502298,181.3959284699,181.4244061293,181.4496087751,177.0410261963,172.2818410910,167.5717834956,162.9147919635,158.3147723415,153.7755857974,149.3009214690,144.8942082801,140.5585701733,136.2968089443,132.1114024611,128.0045111032,123.9779885565,120.0333949036,116.1720109016,112.3948528203,108.7026874774,105.0960472481,101.5752448956,98.1403881282,94.7913926656,91.5279944422,88.3497742476,85.2561686387,82.2464783161,79.3198779376,76.4754269729,73.7120808260,71.0287017312,68.4240691624,65.8968896694,63.4458061028,61.0694062445,58.7662308589,56.5347811956,54.3735259660,52.2809078198,50.2553493460,48.2952586272,46.3990343581,44.5650705664,42.7917609512,42.4104061939,42.4105220792,42.4106245363,42.4107151123,42.4107951739,42.4108659304,42.4109284517,42.4109836848,42.4110324675,42.4110755415,42.4111135630,42.4111471127,42.4111767048,42.4112027941,42.4112257832,42.4112460285,42.4112638452,42.4112795124,42.4112932773,42.4113053583,42.4113159489,42.4113252204,42.4113333243,42.4113403947,42.4113465504,42.4113518965,42.4113565258,45.7042467634
"cbox2",93.4547384816,102.5716590587,108.2648732580,113.8860050783,119.0963748965,123.5733168445,126.9592889289,128.8461232929,128.7629277853,127.2390666946,125.7747594827,124.3474721030,122.9500394555,121.5794136043,120.2340355895,118.9126560784,117.6143082975,116.3382511163,115.0831649307,113.8482272270,112.6325784180,111.4355391664,110.2565056940,109.0949737154,107.9505043300,106.8226985020,105.7111841987,104.6156084161,103.5356319693,102.4709268447,96.8536821129,90.9398773545,85.1234012153,79.3998053460,73.7706195254,68.2394473563,62.8106377425,57.4887976774,52.2786055671,47.1847363562,42.2118285000,37.3644656754,32.6471621826,28.0643471892,23.6203455237,19.3193539324,15.1654124509,11.1623711064,7.3138526373,3.6232097000,0.0934866421,-3.2726150776,-6.4728145630,-9.5052896198,-12.3687000804,-15.0622053691,-17.5854769884,-19.9387054000,-22.1226010396,-24.1383896493,-25.9878024039,-27.6730615132,-29.1968620232,-30.5623505303,-31.7731014292,-32.8330912165,-33.7466712484,-34.5185392507,-35.1537097877,-35.6574838527,-36.0354176828,-36.2932909053,-35.0630734491,-33.4539414900,-31.8976552587,-30.4011899221,-28.9650284777,-27.5884956937,-26.2703325246,-25.0089655722,-23.8026551890,-22.6495800715,-21.5478867028,-20.4957188056,-19.4912352539,-18.5326212413,-17.6180954506,-16.7459148054,-15.9143777123,-15.1218263220,-14.3666481177,-13.6472770165,-12.9621940958,-12.3099280194,-11.6890552123,-11.0981998206,-10.5360334864,-10.0012749593,-9.4926895672,-5.6146749215
"cbox3",39.0694313632,43.5776032650,43.4479037627,44.1253365833,44.7917085942,44.9641731192,44.2112958975,42.0824170264,38.0863091890,33.0306055080,28.8295620876,25.2700063723,22.2256113787,19.6055249777,17.3396270323,15.3715621071,13.6556552042,12.1545493759,10.8366693425,9.6762637832,8.6517185768,7.7449699593,6.9407585788,6.2261435054,5.5900752197,5.0230635240,4.5169187441,4.0645443647,3.6597686482,3.2972068400,-2.7861669620,-8.6736603702,-13.8549173192,-18.3689390209,-22.2486787979,-25.5258128189,-28.2320913970,-30.3999388017,-32.0628406339,-33.2556047032,-34.0144937025,-34.3772201596,-34.3828006794,-34.0712740778,-33.4832951252,-32.6596226365,-31.6405276093,-30.4651534873,-29.1708655802,-27.7925363346,-26.3619762811,-24.9086900674,-23.4583294820,-22.0321590530,-20.6471350134,-19.3161827785,-18.0485656053,-16.8503113217,-15.7246756269,-14.6726197735,-13.6932801303,-12.7844094997,-11.9427744669,-11.1644985015,-10.4453459821,-9.7809471281,-9.1669675621,-8.5992287757,-8.0737871696,-7.5869797908,-7.1354445468,-6.7161219080,-4.5940217511,-2.7667288905,-1.6544064799,-0.9848283908,-0.5840497223,-0.3452259863,-0.2034417002,-0.1195439566,-0.0700478781,-0.0409290393,-0.0238440438,-0.0138458002,-0.0080099192,-0.0046125806,-0.0026403615,-0.0014989868,-0.0008408187,-0.0004629753,-0.0002473260,-0.0001252437,-0.0000569516,-0.0000194485,0.0000005320,0.0000106201,0.0000151897,0.0000167372,0.0000166794,4.2794041021
"cbox4",6.7007873423,14.9596233692,11.6513199405,11.3859826582,11.0125281085,10.2189035285,8.8788414304,6.8575955149,3.9980561056,1.4513499754,0.7407516831,0.5079326326,0.4101887368,0.3541645443,0.3131489189,0.2790667924,0.2492771271,0.2227744129,0.1990197567,0.1777074276,0.1585853390,0.1414432515,0.1260901115,0.1123526774,0.1000718606,0.0891015847,0.0793084130,0.0705710141,0.0627794626,0.0558344649,-5.5842880479,-8.1925979007,-9.0830972724,-9.2660658931,-9.1575596307,-8.9300018580,-8.6543674668,-8.3600265137,-8.0596583826,-7.7593417701,-7.4625028138,-7.1714049106,-6.8876949118,-6.6126048823,-6.3470358357,-6.0916043647,-5.8466790175,-5.6124142821,-5.3887838612,-5.1755857480,-4.9724952007,-4.7794141660,-4.5959034492,-4.4213652379,-4.2551977750,-4.0968345171,-3.9457470647,-3.8014429537,-3.6634644815,-3.5313884130,-3.4048256763,-3.2834205981,-3.1668495357,-3.0548190011,-2.9470634172,-2.8433426839,-2.7434396888,-2.6471578750,-2.5543189347,-2.4647606915,-2.3783351651,-2.2949068430,-0.5195458541,-0.0068686687,0.0000439519,0.0001167286,0.0001042135,0.0000922065,0.0000815766,0.0000721744,0.0000638574,0.0000565000,0.0000499911,0.0000442326,0.0000391380,0.0000346306,0.0000306427,0.0000271142,0.0000239923,0.0000212300,0.0000187859,0.0000166233,0.0000147098,0.0000130166,0.0000115184,0.0000101927,0.0000090197,0.0000079816,0.0000070631,4.1869573265
"Objective",4493.6649890453
