

"Period",1.0000000000,2.0000000000,3.0000000000,4.0000000000,5.0000000000,6.0000000000,7.0000000000,8.0000000000,9.0000000000,10.0000000000,11.0000000000,12.0000000000,13.0000000000,14.0000000000,15.0000000000,16.0000000000,17.0000000000,18.0000000000,19.0000000000,20.0000000000,21.0000000000,22.0000000000,23.0000000000,24.0000000000,25.0000000000,26.0000000000,27.0000000000,28.0000000000,29.0000000000,30.0000000000,31.0000000000,32.0000000000,33.0000000000,34.0000000000,35.0000000000,36.0000000000,37.0000000000,38.0000000000,39.0000000000,40.0000000000,41.0000000000,42.0000000000,43.0000000000,44.0000000000,45.0000000000,46.0000000000,47.0000000000,48.0000000000,49.0000000000,50.0000000000,51.0000000000,52.0000000000,53.0000000000,54.0000000000,55.0000000000,56.0000000000,57.0000000000,58.0000000000,59.0000000000,60.0000000000,61.0000000000,62.0000000000,63.0000000000,64.0000000000,65.0000000000,66.0000000000,67.0000000000,68.0000000000,69.0000000000,70.0000000000,71.0000000000,72.0000000000,73.0000000000,74.0000000000,75.0000000000,76.0000000000,77.0000000000,78.0000000000,79.0000000000,80.0000000000,81.0000000000,82.0000000000,83.0000000000,84.0000000000,85.0000000000,86.0000000000,87.0000000000,88.0000000000,89.0000000000,90.0000000000,91.0000000000,92.0000000000,93.0000000000,94.0000000000,95.0000000000,96.0000000000,97.0000000000,98.0000000000,99.0000000000,100.0000000000
"Year",2015.0000000000,2020.0000000000,2025.0000000000,2030.0000000000,2035.0000000000,2040.0000000000,2045.0000000000,2050.0000000000,2055.0000000000,2060.0000000000,2065.0000000000,2070.0000000000,2075.0000000000,2080.0000000000,2085.0000000000,2090.0000000000,2095.0000000000,2100.0000000000,2105.0000000000,2110.0000000000,2115.0000000000,2120.0000000000,2125.0000000000,2130.0000000000,2135.0000000000,2140.0000000000,2145.0000000000,2150.0000000000,2155.0000000000,2160.0000000000,2165.0000000000,2170.0000000000,2175.0000000000,2180.0000000000,2185.0000000000,2190.0000000000,2195.0000000000,2200.0000000000,2205.0000000000,2210.0000000000,2215.0000000000,2220.0000000000,2225.0000000000,2230.0000000000,2235.0000000000,2240.0000000000,2245.0000000000,2250.0000000000,2255.0000000000,2260.0000000000,2265.0000000000,2270.0000000000,2275.0000000000,2280.0000000000,2285.0000000000,2290.0000000000,2295.0000000000,2300.0000000000,2305.0000000000,2310.0000000000,2315.0000000000,2320.0000000000,2325.0000000000,2330.0000000000,2335.0000000000,2340.0000000000,2345.0000000000,2350.0000000000,2355.0000000000,2360.0000000000,2365.0000000000,2370.0000000000,2375.0000000000,2380.0000000000,2385.0000000000,2390.0000000000,2395.0000000000,2400.0000000000,2405.0000000000,2410.0000000000,2415.0000000000,2420.0000000000,2425.0000000000,2430.0000000000,2435.0000000000,2440.0000000000,2445.0000000000,2450.0000000000,2455.0000000000,2460.0000000000,2465.0000000000,2470.0000000000,2475.0000000000,2480.0000000000,2485.0000000000,2490.0000000000,2495.0000000000,2500.0000000000,2505.0000000000,2510.0000000000
"Industrial Emissions GTCO2 per year",35.7403846239,34.9384358262,37.3823807026,39.5270068686,41.3387142873,42.7898529867,43.8589644919,44.5310516218,44.7955123523,44.6469776834,44.0855092356,43.1165553264,41.7510107078,40.0039664626,37.8938818418,35.4422426933,32.6669991560,29.5849736700,26.2127289719,22.5663223785,18.6641921328,14.5251609506,10.1671938089,5.6061192059,0.8562009659,0.0000000000,0.0000000000,0.0000000000,0.0000000000,-16.1945155335,-16.0379035285,-15.8671388004,-15.6839721651,-15.4883978477,-15.2805100948,-15.0607858336,-14.8299969438,-14.5890850847,-14.3390696894,-14.0809909812,-13.8158772148,-13.5447265471,-13.2684972455,-12.9881024999,-12.7044077420,-12.4182292817,-12.1303335474,-11.8414363725,-11.5522016376,-11.2632698805,-10.9753638019,-10.6889935834,-10.4045924868,-10.1225751341,-9.8433392494,-9.5672581601,-9.2946751948,-9.0259011541,-8.7612139687,-8.5008595738,-8.2450533902,-7.9939820452,-7.7478051604,-7.5066571186,-7.2706487737,-7.0398690976,-6.8143867512,-6.5942515903,-6.3794961016,-6.1701367696,-5.9661753820,-5.7676002666,-5.5743874605,-5.3865018136,-5.2038979995,-5.0265214798,-4.8543093256,-4.6871909373,-4.5250885827,-4.3679176817,-4.2155867052,-4.0679964637,-3.9250384027,-3.7865912712,-3.6525150896,-3.5226406306,-3.3967512448,-3.2745519262,-3.1556160160,-3.0392934229,-2.9245476342,-2.8343979254,-2.7425438588,-2.6506208651,-2.5596995868,-2.4704722700,-2.3833766805,-2.2986790632,11.0826499109,10.6850467363
"Atmospheric concentrations ppm",399.4596589375,417.2883196919,429.4629243774,442.4915228528,456.0411834398,469.9810232440,484.1965902345,498.5608823471,512.9430186832,527.2034157907,541.1957523126,554.7733669681,567.7899081533,580.1026620040,591.5727349851,602.0644424603,611.4472979352,619.5958864029,626.3793947247,631.6795756765,635.3820577660,637.3859044432,637.6017146962,635.9504865926,632.3626596562,626.7780442803,621.7607119856,617.4847490999,613.6828502071,610.2201811777,596.6182243830,585.0479986915,574.6930561141,565.1518786762,556.2163732011,547.7742395284,539.7615912229,532.1391812727,524.8803628670,517.9649877627,511.3763183800,505.0994674564,499.1206104920,493.4265890008,488.0047119738,482.8426586941,477.9284341965,473.2503527835,468.7970371292,464.5576399025,460.5225712019,456.6810255426,453.0223268570,449.5364137452,446.2138012025,443.0454912139,440.0229180790,437.1379244554,434.3827531408,431.7500443627,429.2328334437,426.8245467251,424.5189951248,422.3103653330,420.1932088864,418.1624294401,416.2132685564,414.3412903324,412.5423651586,410.8126528900,409.1485856851,407.5468507454,406.0043731631,404.5182990638,403.0859792002,401.7049531455,400.3729341788,399.0877949950,397.8475543154,396.6503645052,395.4945003214,394.3783489704,393.3004017546,392.2592477813,391.2535705215,390.2821485605,389.3438627999,388.4377140260,387.5628573869,386.7186654072,385.9048395679,385.1216081516,384.3541874067,383.6080882557,382.8851120820,382.1857002464,381.5097279430,380.8568008093,380.2263832195,388.1623274774
"Atmospheric Temperature rel. 1850-1900",1.2302596617,1.2978066733,1.4281649040,1.5371650439,1.6375943799,1.7380126985,1.8361898336,1.9338994873,2.0298579062,2.1223465572,2.2122150013,2.2999574517,2.3867553455,2.4730972135,2.5579901992,2.6401104895,2.7192545116,2.7879051933,2.8478363121,2.8961660728,2.9346159358,2.9642213612,2.9854055794,2.9982364859,3.0025779357,2.9981765904,2.9846940917,2.9691623662,2.9546587347,2.9416256127,2.9299121157,2.8887379560,2.8420514549,2.7962656967,2.7526177852,2.7110156323,2.6711549493,2.6327900859,2.5957648971,2.5599896942,2.5254154234,2.4920154128,2.4597742498,2.4286814923,2.3987282874,2.3699056411,2.3422036019,2.3156109456,2.2894635009,2.2606485149,2.2322647103,2.2055919594,2.1806923702,2.1573434503,2.1353100901,2.1144051878,2.0944899958,2.0754618398,2.0572425019,2.0397698460,2.0229923438,2.0068656516,1.9913505122,1.9764114746,1.9620161066,1.9481345026,1.9347389628,1.9218037739,1.9093050471,1.8972205891,1.8855297920,1.8742135330,1.8632540793,1.8526349974,1.8423410642,1.8323581805,1.8226732870,1.8132742830,1.8041499487,1.7952898710,1.7866843746,1.7783244582,1.7702017373,1.7623083967,1.7546371531,1.7471812351,1.7399343873,1.7328909122,1.7260457737,1.7193948000,1.7129350556,1.7066654998,1.7005881512,1.6946371091,1.6888148512,1.6831314742,1.6775935977,1.6722039870,1.6669747667,1.6619433605
"Ocean Temperature rel. 1850-1900",0.1741647413,0.1952744533,0.2179874500,0.2425334968,0.2686100265,0.2961189822,0.3250073944,0.3552255139,0.3867242321,0.4194257480,0.4532496196,0.4881293145,0.5240168568,0.5608801407,0.5986803800,0.6373566729,0.6768364226,0.7169620045,0.7575388111,0.7983576397,0.8392097247,0.8799157511,0.9203129024,0.9602456449,0.9995604477,1.0381027929,1.0757152995,1.1123202447,1.1479322743,1.1825953180,1.2163542899,1.2489047979,1.2799726725,1.3095526204,1.3377046199,1.3644963339,1.3899899538,1.4142412715,1.4373012806,1.4592177337,1.4800361935,1.4998006525,1.5185538684,1.5363375345,1.5531923574,1.5691580873,1.5842735243,1.5985765152,1.6120965949,1.6248223105,1.6367525284,1.6479253215,1.6583889504,1.6681887319,1.6773646807,1.6859520522,1.6939823632,1.7014842568,1.7084841223,1.7150065145,1.7210744379,1.7267095420,1.7319322620,1.7367619263,1.7412168415,1.7453143655,1.7490709703,1.7525022991,1.7556232192,1.7584478701,1.7609897091,1.7632615542,1.7652756233,1.7670435723,1.7685765293,1.7698851274,1.7709795349,1.7718694836,1.7725642943,1.7730729014,1.7734038746,1.7735654399,1.7735654982,1.7734116432,1.7731111776,1.7726711288,1.7720982643,1.7713991069,1.7705799515,1.7696468842,1.7686058078,1.7674624757,1.7662225454,1.7648908378,1.7634715826,1.7619690618,1.7603876301,1.7587316425,1.7570055288,1.7552141526
"Output Net Net) ",104.8008776674,124.8841720592,147.1552608127,171.6931710885,198.5531122261,227.7789119625,259.4205750300,293.5207203305,330.1250438497,369.2828139787,411.0372381472,455.4292421408,502.4924783535,552.2568891791,604.7566088321,660.0295102918,718.1052657405,779.0830367898,843.0097959777,909.9712511814,980.0120306986,1053.1644627523,1129.4494792243,1208.8693276658,1291.3913458667,1378.1511886098,1468.7896328562,1563.0417332900,1660.8769989359,1757.4597284793,1860.2467437287,1967.1547329268,2077.6711372675,2191.4703175149,2308.3341756183,2428.1038005969,2550.6515378606,2675.8652458795,2803.6396101123,2933.8714653753,3066.4573646294,3201.2923898875,3338.2696430091,3477.2800947571,3618.2126037214,3760.9539773697,3905.3889621239,4051.4000088121,4198.8965065330,4347.9131564401,4498.2517244498,4649.7311594982,4802.2086757462,4955.5611836766,5109.6753791900,5264.4427585988,5419.7573041100,5575.5145535431,5731.6113628347,5887.9459785888,6044.4182406633,6200.9298147539,6357.3844171104,6513.6880130668,6669.7489832669,6825.4782651045,6980.7894635220,7135.5989423350,7289.8258946716,7443.3923915812,7596.2234179534,7748.2468867927,7899.3936307681,8049.5973692199,8198.7946036843,8346.9244972370,8493.9285700179,8639.7502252474,8784.3339052637,8927.6236171680,9069.5603569739,9210.0776012144,9349.0933792290,9486.4963493089,9622.1212998672,9755.7060780817,9886.8153801399,10014.7062770851,10138.0879964854,10254.6913213408,10360.4773719485,10540.1451815459,10702.8192963595,10852.9042041851,10993.5139762607,11126.8599626690,11254.5169808461,11377.6088371705,11497.2527686342,11613.4109455233
"Climate Damages fraction output",0.0035719517,0.0039749531,0.0048135858,0.0055763882,0.0063288482,0.0071288240,0.0079569597,0.0088263227,0.0097239626,0.0106302776,0.0115495927,0.0124839381,0.0134439785,0.0144342552,0.0154422207,0.0164496328,0.0174506544,0.0183429003,0.0191400051,0.0197951559,0.0203242508,0.0207363955,0.0210338457,0.0212150360,0.0212765193,0.0212141884,0.0210238212,0.0208055834,0.0206028194,0.0204214605,0.0202591486,0.0196937445,0.0190623253,0.0184530804,0.0178814950,0.0173450696,0.0168387623,0.0163585374,0.0159016691,0.0154663715,0.0150514264,0.0146559323,0.0142791549,0.0139204453,0.0135791979,0.0132548285,0.0129467658,0.0126544476,0.0123702778,0.0120608548,0.0117598935,0.0114805407,0.0112227893,0.0109837486,0.0107605361,0.0105508739,0.0103530565,0.0101657988,0.0099881022,0.0098191600,0.0096582953,0.0095049230,0.0093585254,0.0092186375,0.0090848370,0.0089567382,0.0088339871,0.0087162582,0.0086032520,0.0084946925,0.0083903253,0.0082899162,0.0081932492,0.0081001252,0.0080103606,0.0079237861,0.0078402455,0.0077595942,0.0076816986,0.0076064351,0.0075336889,0.0074633534,0.0073953295,0.0073295249,0.0072658536,0.0072042358,0.0071445971,0.0070868698,0.0070309923,0.0069769116,0.0069245858,0.0068739888,0.0068251201,0.0067774360,0.0067309456,0.0066857185,0.0066417959,0.0065991882,0.0065579795,0.0065184515
"Consumption Per Capita ",10.4582490414,11.8001436905,13.2619601385,14.8506442302,16.5723354368,18.4324957839,20.4365948044,22.5897470640,24.8969698228,27.3632024513,29.9929562894,32.7903546645,35.7590211176,38.9022346602,42.2232748226,45.7255394208,49.4123327163,53.2889938320,57.3598027822,61.6298208003,66.1031695174,70.7837659311,75.6761828008,80.7868108870,86.1258599824,91.7100274788,97.5294420297,103.5630656238,109.7835432233,116.1864914442,122.8458878010,129.7631036941,136.9195505600,144.2964306053,151.8786957159,159.6546795807,167.6149731408,175.7514773327,184.0567701514,192.5237253018,201.1452985637,209.9144165187,218.8239264733,227.8665824983,237.0350547961,246.3219576168,255.7199000120,265.2215785887,274.8205938250,284.5136211700,294.2916558977,304.1444799728,314.0627412255,324.0380618941,334.0627460547,344.1295112755,354.2313199124,364.3612899717,374.5126592173,384.6787757942,394.8531039500,405.0292346779,415.2008981128,425.3619756497,435.5065095679,445.6287126093,455.7229746350,465.7838687000,475.8061564872,485.7847914291,495.7149227407,505.5918989222,515.4112708674,525.1688021969,534.8604688111,544.4824863287,554.0313319327,563.5037973908,572.8970803429,582.2089457314,591.4380114451,600.5842571160,609.6499187595,618.6410697456,627.5703955123,636.4621406075,645.3607396539,654.3463442734,663.5621478489,673.2645224406,668.2261342761,679.8141849134,690.3061927261,699.9862358185,709.0551634637,717.6556015967,725.8891213704,733.8282048691,741.5449105282,749.0367978439
"Carbon Price (per t CO2)",2.0125964256,23.6392042342,28.0358861537,32.9716156250,38.4782746490,44.5868135362,51.3245089061,58.7182798529,66.7986165751,75.5938351886,85.1261636012,95.4065725470,106.4323092249,118.1903173573,130.6598608021,143.8132886828,157.6489901124,172.1757482356,187.4129399192,203.3817290422,220.0931546198,237.5548418081,255.7792114196,274.7919349212,294.6307304670,292.0640357150,284.7624348221,277.6433739516,270.7022896028,353.3349018239,344.5015292783,335.8889910464,327.4917662702,319.3044721134,311.3218603106,303.5388138028,295.9503434578,288.5515848713,281.3377952495,274.3043503683,267.4467416091,260.7605730689,254.2415587421,247.8855197736,241.6883817793,235.6461722348,229.7550179289,224.0111424807,218.4108639187,212.9505923207,207.6268275127,202.4361568249,197.3752529042,192.4408715816,187.6298497921,182.9391035473,178.3656259586,173.9064853096,169.5588231769,165.3198525975,161.1868562825,157.1571848755,153.2282552536,149.3975488723,145.6626101504,142.0210448967,138.4705187743,135.0087558049,131.6335369098,128.3426984870,125.1341310249,122.0057777492,118.9556333055,115.9817424729,113.0821989111,110.2551439383,107.4987653398,104.8112962063,102.1910138012,99.6362384561,97.1453324947,94.7166991824,92.3487817028,90.0400621602,87.7890606062,85.5943340911,83.4544757388,81.3681138453,79.3339109992,77.3505632242,75.4167991436,73.5313791650,71.6930946859,69.9007673187,68.1532481358,66.4494169324,64.7881815091,63.1684769713,0.0000000000,0.0000000000
"Emissions Control Rate",0.0300000000,0.1421235239,0.1606345568,0.1806039761,0.2020791580,0.2251064388,0.2497232692,0.2759697329,0.3038994459,0.3335618262,0.3649924528,0.3982016177,0.4331712551,0.4698665227,0.5082434627,0.5482510006,0.5899078259,0.6332595736,0.6783770170,0.7253347209,0.7741849195,0.8249738208,0.8777596864,0.9326301630,0.9896983817,1.0000000000,1.0000000000,1.0000000000,1.0000000000,1.2000000000,1.2000000000,1.2000000000,1.2000000000,1.2000000000,1.2000000000,1.2000000000,1.2000000000,1.2000000000,1.2000000000,1.2000000000,1.2000000000,1.2000000000,1.2000000000,1.2000000000,1.2000000000,1.2000000000,1.2000000000,1.2000000000,1.2000000000,1.2000000000,1.2000000000,1.2000000000,1.2000000000,1.2000000000,1.2000000000,1.2000000000,1.2000000000,1.2000000000,1.2000000000,1.2000000000,1.2000000000,1.2000000000,1.2000000000,1.2000000000,1.2000000000,1.2000000000,1.2000000000,1.2000000000,1.2000000000,1.2000000000,1.2000000000,1.2000000000,1.2000000000,1.2000000000,1.2000000000,1.2000000000,1.2000000000,1.2000000000,1.2000000000,1.2000000000,1.2000000000,1.2000000000,1.2000000000,1.2000000000,1.2000000000,1.2000000000,1.2000000000,1.2000000000,1.2000000000,1.2000000000,1.2000000000,1.2000000000,1.2000000000,1.2000000000,1.2000000000,1.2000000000,1.2000000000,1.2000000000,0.0000000000,0.0000000000
"Social cost of carbon",16.5333349583,19.8048655648,23.4908562236,27.6400927478,32.2879910268,37.4714387008,43.2262853495,49.5906481722,56.6090669458,64.3268424360,72.7858522314,82.0188709474,92.0462141086,102.8782311641,114.5170851651,126.9565661360,140.2148462544,154.3197755887,169.3075151196,185.2136175071,202.0587953548,219.8538442286,238.6060047185,258.3253129343,279.0206512697,300.6298637332,323.1693190855,346.5895998861,370.8438556098,396.3319273648,422.1262705697,448.6218194868,475.8685438978,503.8192265808,532.4068151550,561.5654452900,591.2339762550,621.3548487663,651.8721944165,682.7301903054,713.8717531884,745.2374236343,776.7642513256,808.3845092814,840.0243218741,871.6035847674,903.0442039364,934.3158359799,965.5181468075,996.6766307446,1027.7146397054,1058.5269059914,1089.0088292479,1119.0609339663,1148.5867579525,1177.4898982220,1205.6715737644,1233.0288915854,1259.4536626202,1284.8315800787,1309.0416511147,1331.9557981714,1353.4385975491,1373.3471409181,1391.5310153958,1407.8324243620,1422.0864520560,1434.1215007056,1443.7599178934,1450.8188257605,1455.1111809873,1456.4470703890,1454.6352496446,1449.4849452665,1440.8078473728,1428.4204011024,1412.1462367822,1391.8188136681,1367.2842277840,1338.4042093997,1305.0594077145,1267.1532236975,1224.6167347984,1177.4158313584,1125.5624455028,1069.1319434806,1008.2819807593,943.2276962312,873.9307684480,798.4154241042,705.2632242803,624.9909913930,539.4673389328,449.6912371009,356.6430543163,261.4672248613,165.9116078541,74.0742422012,0.0000000000,0.0000000000
"Interest Rate ",0.0511634557,0.0499653443,0.0488561746,0.0478067320,0.0468010905,0.0458396809,0.0449171665,0.0440330055,0.0431865216,0.0423731691,0.0415900575,0.0408340694,0.0401041548,0.0394018322,0.0387285057,0.0380833680,0.0374774587,0.0369012063,0.0363565256,0.0358363373,0.0353384496,0.0348644128,0.0344192735,0.0340131057,0.0336611302,0.0332716836,0.0328234695,0.0323154388,0.0318234089,0.0315386104,0.0312532176,0.0309252387,0.0305644997,0.0301868708,0.0298041375,0.0294235005,0.0290489462,0.0286825147,0.0283251454,0.0279771822,0.0276386560,0.0273094402,0.0269893351,0.0266781151,0.0263755588,0.0260814772,0.0257957558,0.0255191238,0.0252543986,0.0249950287,0.0247398359,0.0244897578,0.0242456516,0.0240079499,0.0237767555,0.0235519824,0.0233334531,0.0231209578,0.0229142811,0.0227132163,0.0225175684,0.0223271558,0.0221418084,0.0219613664,0.0217856790,0.0216146029,0.0214480017,0.0212857450,0.0211277080,0.0209737709,0.0208238197,0.0206777454,0.0205354480,0.0203968306,0.0202618141,0.0201303334,0.0200023524,0.0198778816,0.0197570094,0.0196399578,0.0195271803,0.0194195296,0.0193185513,0.0192269892,0.0191496954,0.0190951449,0.0190782497,0.0191250582,0.0192817274,0.0127913490,0.0200733563,0.0195182186,0.0191072336,0.0187961476,0.0185550309,0.0183633541,0.0182068977,0.0180838055,0.0179632365,0.0000000000
"Population",7403.0000000000,7853.0908476727,8264.9206603510,8638.9749595589,8976.5569175846,9279.5429846998,9550.1795276372,9790.9199655999,10004.2989762545,10192.8388950882,10358.9829704432,10505.0502888009,10633.2076774518,10745.4545382608,10843.6172481003,10929.3504090389,11004.1428085735,11069.3264428809,11126.0873632638,11175.4774339743,11218.4263481746,11255.7534487625,11288.1790526787,11316.3350906170,11340.7749569950,11361.9825244520,11380.3803185893,11396.3368766186,11410.1733315252,11422.1692739908,11432.5679497313,11441.5808516530,11449.3917654819,11456.1603251381,11462.0251307443,11467.1064782147,11471.5087451911,11475.3224738905,11478.6261873501,11481.4879716884,11483.9668533978,11486.1139973812,11487.9737484300,11489.5845361332,11490.9796607703,11492.1879755794,11493.2344788639,11494.1408277057,11494.9257835520,11495.6055986273,11496.1943509668,11496.7042348559,11497.1458125759,11497.5282325851,11497.8594185907,11498.1462333795,11498.3946207674,11498.6097285807,11498.7960151984,11498.9573418478,11499.0970525550,11499.2180433989,11499.3228224984,11499.4135619699,11499.4921429307,11499.5601944767,11499.6191274409,11499.6701636319,11499.7143611563,11499.7526363497,11499.7857827701,11499.8144876474,11499.8393461290,11499.8608736175,11499.8795164551,11499.8956611769,11499.9096425242,11499.9217503848,11499.9322358023,11499.9413161817,11499.9491797959,11499.9559896903,11499.9618870620,11499.9669941884,11499.9714169616,11499.9752470846,11499.9785639722,11499.9814363976,11499.9839239186,11499.9860781122,11499.9879436442,11499.9895591951,11499.9909582624,11499.9921698549,11499.9932190940,11499.9941277352,11499.9949146185,11499.9955960595,11499.9961861874,11499.9966972382
"TFP",5.1150000000,5.5357142857,5.9788909260,6.4448082613,6.9336925574,7.4457169695,7.9810008155,8.5396091538,9.1215526619,9.7267878050,10.3552172853,11.0066907583,11.6810058031,12.3779091300,13.0970980090,13.8382219009,14.6008842738,15.3846445844,16.1890204062,17.0134896847,17.8574931007,18.7204365230,19.6016935319,20.5006079960,21.4164966848,22.3486519010,23.2963441179,24.2588246049,25.2353280311,26.2250750319,27.2272747272,28.2411271830,29.2658258048,30.3005596550,31.3445156884,32.3968808973,33.4568443635,34.5235992103,35.5963444528,36.6742867432,37.7566420095,38.8426369862,39.9315106367,41.0225154679,42.1149187373,43.2080035549,44.3010698797,45.3934354161,46.4844364090,47.5734283446,48.6597865564,49.7429067422,50.8222053948,51.8971201506,52.9671100593,54.0316557794,55.0902597031,56.1424460150,57.1877606882,58.2257714225,59.2560675276,60.2782597568,61.2919800937,62.2968814960,63.2926376010,64.2789423944,65.2555098482,66.2220735291,67.1783861815,68.1242192879,69.0593626096,69.9836237100,70.8968274647,71.7988155581,72.6894459718,73.5685924645,74.4361440471,75.2920044541,76.1360916132,76.9683371147,77.7886856825,78.5970946475,79.3935334252,80.1779829984,80.9504354064,81.7108932408,82.4593691494,83.1958853497,83.9204731504,84.6331724842,85.3340314503,86.0231058679,86.7004588417,87.3661603381,88.0202867739,88.6629206168,89.2941499979,89.9140683370,90.5227739797,91.1203698470
"Output gross,gross",105.1774219755,125.4353983464,147.9445474526,172.7670700422,199.9736541960,229.6290640371,261.7918109957,296.5212379051,333.8740654816,373.9072650230,416.6793567032,462.2467923769,510.6639286366,561.9804198465,616.2408930768,673.4873192507,733.7590867893,797.0868497043,863.5229432370,933.1037759563,1005.8723242136,1081.8535123541,1161.0530346593,1243.4515204584,1328.9889330289,1417.5322257251,1509.5652818799,1605.2052187944,1704.4869308751,1807.5779272280,1911.7268928638,2019.2198023008,2130.1295247121,2244.2972410790,2361.5400973391,2481.6987294548,2604.6387600517,2730.2427242123,2858.4024937461,2989.0140760689,3121.9744831126,3257.1800088914,3394.5253737245,3533.9033630906,3675.2047229281,3818.3181484399,3963.1302310735,4109.5251961164,4257.3841300314,4406.5955113360,4557.1014756510,4708.7840202183,4861.5074475845,5015.1416164950,5169.5647539398,5324.6615738828,5480.3211879275,5636.4357234884,5792.8996082218,5949.6092846293,6106.4631752320,6263.3617669137,6420.2077466612,6576.9061484470,6733.3644905981,6889.4929020270,7045.2042256949,7200.4141070720,7355.0410640363,7509.0065359731,7662.2349205354,7814.6535885912,7966.1928760276,8116.7860504693,8266.3692055497,8414.8811385331,8562.2630423387,8708.4580265433,8853.4102654759,8997.0635112265,9139.3584972407,9280.2283957580,9419.5908321307,9557.3338616733,9693.2912992028,9827.1993499423,9958.6198782867,10086.8050215626,10210.4553538369,10327.2864035660,10433.2321674192,10613.5838007039,10776.8261715469,10927.3914711756,11068.4174735423,11202.1331050871,11330.1257043018,11453.5279093454,11573.1492441264,11689.6090958298
"Change tfp",0.0760000000,0.0741235533,0.0722934363,0.0705085050,0.0687676438,0.0670697646,0.0654138062,0.0637987336,0.0622235372,0.0606872326,0.0591888595,0.0577274814,0.0563021848,0.0549120789,0.0535562948,0.0522339852,0.0509443235,0.0496865037,0.0484597395,0.0472632643,0.0460963301,0.0449582077,0.0438481856,0.0427655700,0.0417096843,0.0406798686,0.0396754790,0.0386958880,0.0377404831,0.0368086672,0.0358998580,0.0350134874,0.0341490013,0.0333058594,0.0324835348,0.0316815135,0.0308992941,0.0301363878,0.0293923178,0.0286666189,0.0279588375,0.0272685314,0.0265952689,0.0259386294,0.0252982024,0.0246735875,0.0240643945,0.0234702425,0.0228907601,0.0223255852,0.0217743646,0.0212367536,0.0207124163,0.0202010249,0.0197022598,0.0192158093,0.0187413693,0.0182786432,0.0178273419,0.0173871833,0.0169578922,0.0165392003,0.0161308460,0.0157325740,0.0153441354,0.0149652873,0.0145957931,0.0142354216,0.0138839478,0.0135411519,0.0132068197,0.0128807422,0.0125627155,0.0122525410,0.0119500246,0.0116549775,0.0113672151,0.0110865575,0.0108128294,0.0105458597,0.0102854815,0.0100315321,0.0097838527,0.0095422885,0.0093066885,0.0090769056,0.0088527960,0.0086342197,0.0084210400,0.0082131238,0.0080103411,0.0078125650,0.0076196721,0.0074315417,0.0072480563,0.0070691012,0.0068945644,0.0067243370,0.0065583126,0.0063963873
"Capital",223.0000000000,268.5715700676,319.6716846209,376.4939953894,439.3100765917,508.3612067294,583.8510840620,665.9953552020,754.9951712116,851.0586693454,954.4121323557,1065.2743935927,1183.8584636843,1310.3534865608,1444.9241062851,1587.7311239947,1738.9346880055,1898.6480440493,2067.1815247857,2244.7481139896,2431.6442116698,2628.0540509804,2834.0388628454,3049.4874968480,3273.9853958453,3506.5423855357,3751.2955086294,4009.4399363849,4281.5449353653,4569.3481779279,4849.9441848498,5142.8574622058,5449.1043551072,5767.7694434068,6097.7465494165,6438.1421024568,6788.2914805813,7147.6927746223,7515.9429476047,7892.6928925966,8277.6193714373,8670.4085786737,9070.7469219217,9478.3159507038,9892.7894466454,10313.8312911970,10741.0929287641,11174.2089153751,11612.7877922763,12056.5059470740,12505.5300968503,12959.4787287983,13417.8027375020,13879.9960663639,14345.6209703118,14814.2901670820,15285.6467744168,15759.3505674360,16235.0703163492,16712.4801180300,17191.2581119812,17671.0863867421,18151.6514567150,18632.6449362734,19113.7642160920,19594.7131234406,20075.2024525918,20554.9504342042,21033.6831056163,21511.1345559814,21987.0471221903,22461.1714407439,22933.2663376967,23403.0985327894,23870.4416965844,24335.0753886260,24796.7822418234,25255.3435142943,25710.5310377976,26162.0929886643,26609.7288263814,27053.0451864704,27491.4780335573,27924.1556092578,28349.6569756369,28765.5873942673,29167.8277773872,29549.2141647211,29897.1927969585,30189.6631931870,30387.4876508821,31322.9320036976,32107.3238831115,32780.5752876200,33371.9417679184,33902.7199168616,34388.3408765583,34839.9502867485,35265.5808093801,35671.4184404996
"s",0.2612426596,0.2579716157,0.2551469262,0.2527696773,0.2507671593,0.2490738696,0.2476574023,0.2464777093,0.2455079239,0.2447286912,0.2441158742,0.2436490834,0.2433058916,0.2430656780,0.2429135549,0.2428362139,0.2428124515,0.2428621332,0.2429623239,0.2431160097,0.2433015969,0.2434945864,0.2436613437,0.2437473580,0.2436576262,0.2439089861,0.2443287196,0.2449084636,0.2457904722,0.2448750028,0.2450227561,0.2452576213,0.2454794474,0.2456739979,0.2458468772,0.2460053767,0.2461547171,0.2462980411,0.2464370762,0.2465727069,0.2467053454,0.2468351453,0.2469621116,0.2470861446,0.2472070351,0.2473244138,0.2474376303,0.2475454983,0.2476493943,0.2477640977,0.2478780025,0.2479868167,0.2480907487,0.2481907443,0.2482875709,0.2483817138,0.2484734510,0.2485629383,0.2486502659,0.2487354929,0.2488186649,0.2488998227,0.2489790061,0.2490562548,0.2491316094,0.2492051097,0.2492767955,0.2493467050,0.2494148736,0.2494813330,0.2495461090,0.2496092175,0.2496706596,0.2497304047,0.2497883839,0.2498444446,0.2498983004,0.2499494306,0.2499969066,0.2500390925,0.2500731230,0.2500939923,0.2500929720,0.2500548547,0.2499531667,0.2497417610,0.2493402186,0.2486079368,0.2472985009,0.2449765291,0.2582781457,0.2582781457,0.2582781457,0.2582781457,0.2582781457,0.2582781457,0.2582781457,0.2582781457,0.2582781457,0.2582781457
"I",27.3784600135,32.2165716423,37.5462124675,43.3988274508,49.7905999205,56.7337750201,64.2474257148,72.3463147837,81.0483141393,90.3740997388,100.3407147116,110.9649174024,122.2593804680,134.2346952012,146.9035776949,160.2790673196,174.3649000258,189.2097682510,204.8196190838,221.2285795680,238.4384920863,256.4398452564,275.2031777453,294.6587047663,314.6573498286,336.1434590789,358.8674902989,382.8021494659,408.2277418088,430.3579558530,455.8027840988,482.4596904499,510.0255625519,538.3872741558,567.4967484984,597.3265901003,627.8549076508,659.0603682236,690.9207482931,723.4126290576,756.5114232067,790.1914720601,824.4261201557,859.1877321829,894.4476101695,930.1757379250,966.3401903738,1002.9058339673,1039.8541767226,1077.2567800325,1115.0176523818,1153.0720285868,1191.3835455793,1229.9244186169,1268.6688880645,1307.5913147313,1346.6658007221,1385.8662799568,1425.1666893858,1464.5411454171,1503.9640768397,1543.4103312415,1582.8552535196,1622.2747415344,1661.6452982961,1700.9440600663,1740.1488275947,1779.2380847446,1818.1910037892,1856.9874556458,1895.6079971123,1934.0338427304,1972.2468186086,2010.2292087915,2047.9636542420,2085.4327151187,2122.6183136640,2159.5006492084,2196.0563032310,2232.2549075010,2268.0532823561,2303.3850762797,2338.1425490445,2372.1444659853,2405.0796893447,2436.4072153893,2465.1807080903,2489.7354649665,2507.1339637022,2512.1586863874,2675.8848841456,2722.2891528496,2764.3043215763,2803.0679732663,2839.3844044647,2873.8247585701,2906.7957765099,2938.5877129116,2969.4891256737,2999.4902442080
"Y gross net",104.8017333094,124.9367985208,147.2324036823,171.8036537848,198.7080512879,227.9920788518,259.7087440986,293.9040457850,330.6274865687,369.9325270048,411.8668798467,456.4761320341,503.7985737352,553.8686510528,606.7247651965,662.4087001424,720.9545105287,782.4659651171,846.9951096835,914.6328412456,985.4287227935,1059.4197700088,1136.6316243050,1217.0716517133,1300.7126744068,1387.4604300719,1477.8284512782,1571.8079877895,1669.3696943962,1770.6645459165,1872.9969336333,1979.4538034863,2089.5243028363,2202.8830437425,2319.3122298396,2438.6534922897,2560.7798671429,2685.5799465480,2812.9491230023,2942.7848740299,3074.9843138838,3209.4429990948,3346.0544201364,3484.7098544626,3625.2983908336,3767.7069962839,3911.8205121278,4057.5214250208,4204.7191057788,4353.4482025767,4503.5104474506,4654.7246336090,4806.9477736080,4960.0565617877,5113.9374659549,5268.4817408246,5423.5831130928,5579.1368521888,5735.0395346735,5891.1891190157,6047.4851504384,6203.8289956327,6360.1240694184,6516.2760350062,6672.1929717543,6827.7855179472,6982.9669827572,7137.6534385719,7291.7637922921,7445.2198346652,7597.9462768118,7749.8707649995,7900.9238725926,8051.0390673726,8200.1526072890,8348.2034199661,8495.1327983081,8640.8839265344,8785.4010361632,8928.6279315242,9070.5054136789,9210.9667716698,9349.9298542627,9487.2831452630,9622.8612634101,9756.4018890333,9887.4695511268,10015.3211481173,10138.6657211627,10255.2338391671,10360.9863566135,10540.6261442888,10703.2730381823,10853.3317744135,10993.9165574325,11127.2387967657,11254.8733223253,11377.9439234524,11497.2527686342,11613.4109455233
"damages",0.3756886661,0.4985998256,0.7121437703,0.9634162574,1.2656029081,1.6369851853,2.0830668971,2.6171921201,3.2465789129,3.9747380182,4.8124768565,5.7706603428,6.8653549014,8.1117687936,9.5161278803,11.0786191083,12.8045762606,14.6208845872,16.5278335534,18.4709347107,20.4436014201,22.4337423453,24.4214103543,26.3798687451,28.2762586222,30.0717956532,31.7368306017,33.3972310049,35.1172364788,36.9133813115,38.7299592304,39.7659988145,40.6052218758,41.4141973365,42.2278674995,43.0452371651,43.8588929088,44.6627776643,45.4533707438,46.2292020390,46.9901692289,47.7370097966,48.4709535880,49.1935086280,49.9063320945,50.6111521559,51.3097189457,52.0037710957,52.6650242526,53.1473087593,53.5910282004,54.0593866093,54.5596739765,55.0850547073,55.6272879849,56.1798330582,56.7380748347,57.2988712995,57.8600735483,58.4201656136,58.9780247936,59.5327712810,60.0836772428,60.6301134408,61.1715188438,61.7073840798,62.2372429377,62.7606685001,63.2772717442,63.7867013079,64.2886437236,64.7828235917,65.2690034349,65.7469830967,66.2165982607,66.6777185670,67.1302440305,67.5741000089,68.0092293127,68.4355797023,68.8530835618,69.2616240882,69.6609778680,70.0507164103,70.4300357928,70.7974609089,71.1503271599,71.4838734453,71.7896326742,72.0525643989,72.2458108057,72.9576564152,73.5531333646,74.0596967621,74.5009161098,74.8943083215,75.2523819765,75.5839858930,75.8964754922,76.1981503065
"damfrac",0.0035719517,0.0039749531,0.0048135858,0.0055763882,0.0063288482,0.0071288240,0.0079569597,0.0088263227,0.0097239626,0.0106302776,0.0115495927,0.0124839381,0.0134439785,0.0144342552,0.0154422207,0.0164496328,0.0174506544,0.0183429003,0.0191400051,0.0197951559,0.0203242508,0.0207363955,0.0210338457,0.0212150360,0.0212765193,0.0212141884,0.0210238212,0.0208055834,0.0206028194,0.0204214605,0.0202591486,0.0196937445,0.0190623253,0.0184530804,0.0178814950,0.0173450696,0.0168387623,0.0163585374,0.0159016691,0.0154663715,0.0150514264,0.0146559323,0.0142791549,0.0139204453,0.0135791979,0.0132548285,0.0129467658,0.0126544476,0.0123702778,0.0120608548,0.0117598935,0.0114805407,0.0112227893,0.0109837486,0.0107605361,0.0105508739,0.0103530565,0.0101657988,0.0099881022,0.0098191600,0.0096582953,0.0095049230,0.0093585254,0.0092186375,0.0090848370,0.0089567382,0.0088339871,0.0087162582,0.0086032520,0.0084946925,0.0083903253,0.0082899162,0.0081932492,0.0081001252,0.0080103606,0.0079237861,0.0078402455,0.0077595942,0.0076816986,0.0076064351,0.0075336889,0.0074633534,0.0073953295,0.0073295249,0.0072658536,0.0072042358,0.0071445971,0.0070868698,0.0070309923,0.0069769116,0.0069245858,0.0068739888,0.0068251201,0.0067774360,0.0067309456,0.0066857185,0.0066417959,0.0065991882,0.0065579795,0.0065184515
"abatement",0.0008556420,0.0526264616,0.0771428696,0.1104826963,0.1549390618,0.2131668893,0.2881690686,0.3833254545,0.5024427190,0.6497130261,0.8296416995,1.0468898934,1.3060953817,1.6117618737,1.9681563644,2.3791898507,2.8492447882,3.3829283272,3.9853137059,4.6615900641,5.4166920949,6.2553072565,7.1821450807,8.2023240475,9.3213285401,9.3092414621,9.0388184220,8.7662544995,8.4926954603,13.2048174372,12.7501899046,12.2990705595,11.8531655688,11.4127262276,10.9780542213,10.5496916928,10.1283292823,9.7147006685,9.3095128900,8.9134086546,8.5269492544,8.1506092073,7.7847771273,7.4297597055,7.0857871122,6.7530189142,6.4315500039,6.1214162086,5.8225992458,5.5350461366,5.2587230007,4.9934741108,4.7390978618,4.4953781110,4.2620867649,4.0389822259,3.8258089828,3.6222986457,3.4281718388,3.2431404270,3.0669097750,2.8991808789,2.7396523079,2.5880219394,2.4439884874,2.3072528427,2.1775192351,2.0544962369,1.9378976205,1.8274430839,1.7228588584,1.6238782068,1.5302418246,1.4416981527,1.3580036047,1.2789227291,1.2042282902,1.1337012870,1.0671308995,1.0043143562,0.9450567049,0.8891704554,0.8364750338,0.7867959541,0.7399635428,0.6958109516,0.6541709870,0.6148710321,0.5777246773,0.5425178263,0.5089846650,0.4809627428,0.4537418228,0.4275702285,0.4025811718,0.3788340967,0.3563414792,0.3350862819,0.0000000000,0.0000000000
"sigma",0.3503200274,0.3246822788,0.3010349411,0.2792152334,0.2590743238,0.2404760815,0.2232959463,0.2074199022,0.1927435454,0.1791712386,0.1666153423,0.1549955162,0.1442380842,0.1342754572,0.1250456074,0.1164915899,0.1085611080,0.1012061158,0.0943824573,0.0880495373,0.0821700206,0.0767095582,0.0716365379,0.0669218555,0.0625387068,0.0584623973,0.0546701686,0.0511410389,0.0478556582,0.0447961753,0.0419461158,0.0392902714,0.0368145974,0.0345061197,0.0323528491,0.0303437030,0.0284684333,0.0267175606,0.0250823138,0.0235545746,0.0221268260,0.0207921062,0.0195439653,0.0183764257,0.0172839457,0.0162613863,0.0153039805,0.0144073047,0.0135672531,0.0127800133,0.0120420446,0.0113500572,0.0107009941,0.0100920133,0.0095204720,0.0089839120,0.0084800460,0.0080067454,0.0075620281,0.0071440486,0.0067510875,0.0063815426,0.0060339209,0.0057068300,0.0053989716,0.0051091344,0.0048361882,0.0045790780,0.0043368188,0.0041084907,0.0038932344,0.0036902469,0.0034987776,0.0033181248,0.0031476322,0.0029866860,0.0028347116,0.0026911716,0.0025555625,0.0024274129,0.0023062815,0.0021917545,0.0020834442,0.0019809872,0.0018840428,0.0017922912,0.0017054327,0.0016231859,0.0015452866,0.0014714869,0.0014015540,0.0013352690,0.0012724265,0.0012128333,0.0011563078,0.0011026794,0.0010517874,0.0010034808,0.0009576175,0.0009140636
"Forcings",2.7259394723,3.0642513608,3.2579315818,3.4479478128,3.6473837353,3.8388906843,4.0309267636,4.2172193191,4.3936751955,4.5651341700,4.7322470679,4.8983277438,5.0636036021,5.2242616237,5.3771538573,5.5231996023,5.6380570385,5.7364594420,5.8069628447,5.8586881335,5.8930848160,5.9103938998,5.9104075376,5.8926655183,5.8565635404,5.8013574649,5.7505362926,5.7059211581,5.6653277097,5.6277219998,5.4924823189,5.3744240705,5.2664365751,5.1650145334,5.0683731758,4.9755962047,4.8862117101,4.7999744300,4.7167532297,4.6364730677,4.5590852177,4.4845521032,4.4128396731,4.3439136699,4.2777379183,4.2142736765,4.1534795646,4.0931782306,4.0239482187,3.9596086625,3.9006986340,3.8458970615,3.7943819196,3.7456265240,3.6992784828,3.6550891528,3.6128725896,3.5724816235,3.5337938657,3.4967034797,3.4611163060,3.4269469423,3.3941169653,3.3625538184,3.3321900889,3.3029630097,3.2748140908,3.2476888248,3.2215364332,3.1963096360,3.1719644346,3.1484599021,3.1257579796,3.1038232772,3.0826228810,3.0621261660,3.0423046162,3.0231316540,3.0045824786,2.9866339164,2.9692642852,2.9524532736,2.9361818428,2.9204321554,2.9051875454,2.8904325491,2.8761530310,2.8623364665,2.8489724777,2.8360538041,2.8235780095,2.8115505036,2.7997507513,2.7882624986,2.7771141011,2.7663135274,2.7558601951,2.7457887072,2.7362054390,2.8557006287
"Other Forcings",0.5452433961,0.6309647949,0.6582860157,0.6754187360,0.7003750024,0.7177066637,0.7373637080,0.7545396978,0.7664817280,0.7793120281,0.7948948367,0.8176363944,0.8487527069,0.8853061063,0.9249348103,0.9692849072,0.9946847837,1.0165041146,1.0240182475,1.0270008326,1.0275899565,1.0266838816,1.0247392003,1.0219977562,1.0186240821,1.0147323999,1.0104045436,1.0057098806,1.0008438898,0.9959709288,0.9911343750,0.9863626465,0.9816787738,0.9771031785,0.9726547065,0.9683511230,0.9642094294,0.9602461066,0.9564773187,0.9529190915,0.9495874704,0.9464986655,0.9436691861,0.9411159686,0.9388565018,0.9369089507,0.9352922822,0.9318928090,0.9173557424,0.9055667931,0.8971219235,0.8907777542,0.8857940571,0.8817235407,0.8782907961,0.8753224581,0.8727064718,0.8703681232,0.8682558178,0.8663325694,0.8645708530,0.8629494520,0.8614514960,0.8600632151,0.8587731291,0.8575715045,0.8564499800,0.8554012986,0.8544191103,0.8534978219,0.8526324793,0.8518186746,0.8510524686,0.8503303285,0.8496490748,0.8490058365,0.8483980135,0.8478232444,0.8472793779,0.8467644498,0.8462766613,0.8458143616,0.8453760318,0.8449602715,0.8445657866,0.8441913786,0.8438359359,0.8434984249,0.8431778833,0.8428734135,0.8425841770,0.8423093893,0.8420483153,0.8418002652,0.8415645913,0.8413406841,0.8411279700,0.8409652202,0.8409652202,0.8409652202
"Period utilty",0.4494865781,0.4903450471,0.5278153455,0.5622857909,0.5940701246,0.6234321079,0.6506071840,0.6758012363,0.6991982865,0.7209630061,0.7412402347,0.7601586462,0.7778325508,0.7943649293,0.8098502642,0.8243752939,0.8380184934,0.8508575372,0.8629579385,0.8743805750,0.8851775561,0.8953956666,0.9050787050,0.9142693371,0.9230113438,0.9313515627,0.9392939135,0.9468340509,0.9539685186,0.9607247775,0.9672016560,0.9734113033,0.9793498991,0.9850179692,0.9904219724,0.9955722122,1.0004808550,1.0051606505,1.0096242207,1.0138837041,1.0179506002,1.0218357192,1.0255491856,1.0291004675,1.0324984172,1.0357513171,1.0388669300,1.0418525562,1.0447152922,1.0474625958,1.0500998158,1.0526317249,1.0550630936,1.0573986682,1.0596430660,1.0618007036,1.0638757634,1.0658721874,1.0677936841,1.0696437420,1.0714256444,1.0731424848,1.0747971809,1.0763924870,1.0779310062,1.0794152005,1.0808474004,1.0822298134,1.0835645323,1.0848535423,1.0860987278,1.0873018787,1.0884646966,1.0895888008,1.0906757333,1.0917269660,1.0927439070,1.0937279097,1.0946802841,1.0956023144,1.0964952863,1.0973605315,1.0981995021,1.0990138983,1.0998058840,1.1005784645,1.1013361290,1.1020859837,1.1028396961,1.1036169737,1.1032153803,1.1041325584,1.1049436446,1.1056762656,1.1063494292,1.1069763841,1.1075664677,1.1081263307,1.1086621579,1.1091746950
"Consumption",77.4224176538,92.6676004168,109.6090483452,128.2943436377,148.7625123055,171.0451369424,195.1731493151,221.1744055468,249.0767297104,278.9087142399,310.6965234356,344.4643247384,380.2330978855,418.0221939780,457.8530311372,499.7504429722,543.7403657147,589.8732685388,638.1901768939,688.7426716134,741.5735386123,796.7246174959,854.2463014790,914.2106228995,976.7339960381,1042.0077295310,1109.9221425573,1180.2395838241,1252.6492571271,1327.1017726262,1404.4439596299,1484.6950424769,1567.6455747156,1653.0830433590,1740.8374271200,1830.7772104966,1922.7966302098,2016.8048776559,2112.7188618192,2210.4588363177,2309.9459414226,2411.1009178274,2513.8435228534,2618.0923625742,2723.7649935519,2830.7782394446,2939.0487717501,3048.4941748448,3159.0423298105,3270.6563764076,3383.2340720680,3496.6591309114,3610.8251301670,3725.6367650597,3841.0064911255,3956.8514438674,4073.0915033879,4189.6482735864,4306.4446734489,4423.4048331716,4540.4541638237,4657.5194835123,4774.5291635909,4891.4132715324,5008.1036849708,5124.5342050382,5240.6406359274,5356.3608575904,5471.6348908824,5586.4049359355,5700.6154208410,5814.2130440623,5927.1468121595,6039.3681604283,6150.8309494424,6261.4917821183,6371.3102563539,6480.2495760391,6588.2776020326,6695.3687096670,6801.5070746179,6906.6925249347,7010.9508301845,7114.3518833236,7217.0416105225,7319.2988626925,7421.6346720495,7524.9708121187,7630.9540327832,7742.5326349534,7684.5924878029,7817.8560286963,7938.5149747832,8049.8362309187,8154.1295717961,8253.0352040988,8347.7212043362,8439.0211242589,8527.7636429605,8613.9207013153
"Land emissions",4.1400000000,3.6639000000,3.2425515000,2.8696580775,2.5396473986,2.2475879477,1.9891153338,1.7603670704,1.5579248573,1.3787634987,1.2202056963,1.0798820413,0.9556956065,0.8457906118,0.7485246914,0.6624443519,0.5862632514,0.5188429775,0.4591760351,0.4063707911,0.3596381501,0.3182797628,0.2816775901,0.2492846672,0.2206169305,0.1952459835,0.1727926954,0.1529215354,0.1353355589,0.1197719696,0.1059981931,0.0938084009,0.0830204348,0.0734730848,0.0650236800,0.0575459568,0.0509281718,0.0450714320,0.0398882174,0.0353010724,0.0312414490,0.0276486824,0.0244690839,0.0216551393,0.0191647983,0.0169608465,0.0150103491,0.0132841590,0.0117564807,0.0104044854,0.0092079696,0.0081490531,0.0072119120,0.0063825421,0.0056485498,0.0049989665,0.0044240854,0.0039153156,0.0034650543,0.0030665730,0.0027139171,0.0024018167,0.0021256077,0.0018811629,0.0016648291,0.0014733738,0.0013039358,0.0011539832,0.0010212751,0.0009038285,0.0007998882,0.0007079011,0.0006264924,0.0005544458,0.0004906845,0.0004342558,0.0003843164,0.0003401200,0.0003010062,0.0002663905,0.0002357556,0.0002086437,0.0001846497,0.0001634150,0.0001446222,0.0001279907,0.0001132718,0.0001002455,0.0000887173,0.0000785148,0.0000694856,0.0000614947,0.0000544228,0.0000481642,0.0000426253,0.0000377234,0.0000333852,0.0000295459,0.0000261481,0.0000231411
"Cumulative ind emissions",420.4902535000,469.2626124300,516.9406089177,567.9536830207,621.8933757999,678.3053767378,736.6976433681,796.5488503712,857.3172068420,918.4464540477,979.3730065633,1039.5333630528,1098.3714571118,1155.3460896279,1209.9366552155,1261.6477385150,1310.0132443737,1354.5915729163,1394.9640806538,1430.7347260848,1461.5293799856,1486.9990744900,1506.8205277522,1520.6949734521,1528.3452452941,1529.5136418087,1529.5136418087,1529.5136418087,1529.5136418087,1529.5136418087,1507.4141391702,1485.5283537874,1463.8755988742,1442.4727984305,1421.3368843371,1400.4846598627,1379.9322774479,1359.6948362036,1339.7861502255,1320.2186424616,1301.0033163410,1282.1497721068,1263.6662478886,1245.5596741366,1227.8357351356,1210.4989341776,1193.5526605945,1176.9992578278,1160.8400924723,1145.0756251721,1129.7054424749,1114.7281447103,1100.1416359993,1085.9432292215,1072.1296714512,1058.6971670170,1045.6414107942,1032.9576291420,1020.6406242919,1008.6848192035,997.0843012262,985.8328637395,974.9240454464,964.3511672253,954.1073665721,944.1856297085,934.5788214421,925.2797128843,916.2810071116,907.5753628682,899.1554164032,891.0138015260,883.1431679744,875.5361981866,868.1856225675,861.0842333761,854.2248972955,847.6005668839,841.2042910416,835.0292247443,829.0686383882,823.3159272730,817.7646220551,812.4084015274,807.2411099455,802.2567825853,797.4496856549,792.8143810086,788.3458330743,784.0395885110,779.8920811108,775.9011591209,772.0332580219,768.2907036294,764.6735900035,761.1805501743,757.8092725132,754.5568480038,751.4200043040,766.5437077850
"Cumulative total emissions",606.7902535000,661.2121757488,713.8900357736,769.3279891069,827.1837000050,887.0613769781,948.5207668995,1011.0863780153,1074.2569821258,1137.5122184927,1200.3202714158,1262.1457557661,1322.4574879819,1380.7362902666,1436.4810460996,1489.2135877661,1538.4830842797,1583.8614445520,1624.9419803701,1661.3392306526,1692.6884298468,1718.6488969359,1738.9046839357,1753.1635149932,1761.1539678768,1762.6234246132,1762.8898629095,1763.1256608017,1763.3343419362,1763.5190247404,1741.5829663835,1719.8418291900,1698.3170879242,1677.0275795586,1655.9919289541,1635.2284376676,1614.7545841240,1594.5866409307,1574.7394607278,1555.2263855750,1536.0592323151,1517.2483210626,1498.8025270332,1480.7293444984,1463.0349567246,1445.7243086026,1428.8011802794,1412.2682610677,1396.1272236584,1380.3787995906,1365.0228151540,1350.0580828501,1335.4826945718,1321.2941293769,1307.4892814075,1294.0644851471,1281.0155506581,1268.3378062403,1256.0261443427,1244.0750677673,1232.4787345239,1221.2310005268,1210.3254598219,1199.7554822664,1189.5142487023,1179.5947837124,1169.9899860544,1160.6926568850,1151.6955258709,1142.9912752890,1134.5725622144,1126.4320388877,1118.5623713582,1110.9562565000,1103.6064374938,1096.5057179045,1089.6469744220,1083.0231684596,1076.6273567548,1070.4527012193,1064.4924783874,1058.7400889911,1053.1890684943,1047.8330999449,1042.6660313638,1037.6819013592,1032.8749790886,1028.2398290162,1023.7714178799,1019.4652943827,1015.3178941260,1011.3270669582,1007.4592497766,1003.7167696511,1000.0997217515,996.6067400900,993.2355139074,989.9831349564,986.8463315758,1001.9700707394
"Atmospheric concentrations Gt",848.4523155832,886.3203910256,912.1792513776,939.8519945393,968.6314736262,998.2396933702,1028.4335576580,1058.9433141052,1089.4909716831,1119.7800551393,1149.4997779119,1178.3386314401,1205.9857649177,1232.1380540965,1256.5004891084,1278.7848757857,1298.7140608143,1316.0216627197,1330.4298343953,1341.6874187369,1349.5514906950,1353.8076610373,1354.2660420146,1350.7588335227,1343.1382891098,1331.2765660513,1320.6197522575,1311.5376070882,1303.4623738399,1296.1076648214,1267.2171085895,1242.6419492208,1220.6480511863,1200.3825903082,1181.4035766792,1163.4724847583,1146.4536197574,1130.2636210232,1114.8458907294,1100.1576340079,1086.1633002391,1072.8312688774,1060.1321766851,1048.0380750377,1036.5220082322,1025.5578070664,1015.1199942333,1005.1837493122,995.7249068625,986.7204271530,978.1499412328,969.9904982525,962.2194222442,954.8153427947,947.7581137541,941.0286233384,934.6086779997,928.4809515433,922.6289676710,917.0370942263,911.6905382344,906.5753372441,901.6783456452,896.9872159672,892.4903756747,888.1770001307,884.0369824138,880.0609006660,876.2399835969,872.5660747383,869.0315959952,865.6295109832,862.3532885984,859.1968672115,856.1546198212,853.2213204811,850.3921121958,847.6624765694,845.0282053660,842.4853742090,840.0303186826,837.6596132132,835.3700533268,833.1586422875,831.0225837876,828.9592835426,826.9663645871,825.0417045913,823.1835090898,821.3904453249,819.6618792423,817.9982957139,816.3682940519,814.7835794550,813.2479780622,811.7624273233,810.3266621509,808.9398449189,807.6008379583,824.4567835621
"Total Emissions GTCO2 per year",39.8803846239,38.6023358262,40.6249322026,42.3966649461,43.8783616859,45.0374409344,45.8480798256,46.2914186922,46.3534372096,46.0257411821,45.3057149319,44.1964373677,42.7067063143,40.8497570744,38.6424065332,36.1046870452,33.2532624075,30.1038166476,26.6719050070,22.9726931695,19.0238302829,14.8434407134,10.4488713990,5.8554038731,1.0768178964,0.1952459835,0.1727926954,0.1529215354,0.1353355589,-16.0747435639,-15.9319053354,-15.7733303995,-15.6009517303,-15.4149247629,-15.2154864148,-15.0032398768,-14.7790687720,-14.5440136527,-14.2991814720,-14.0456899088,-13.7846357658,-13.5170778647,-13.2440281615,-12.9664473607,-12.6852429438,-12.4012684353,-12.1153231983,-11.8281522135,-11.5404451569,-11.2528653951,-10.9661558323,-10.6808445303,-10.3973805748,-10.1161925920,-9.8376906996,-9.5622591935,-9.2902511094,-9.0219858386,-8.7577489145,-8.4977930008,-8.2423394731,-7.9915802286,-7.7456795527,-7.5047759558,-7.2689839446,-7.0383957238,-6.8130828154,-6.5930976071,-6.3784748264,-6.1692329411,-5.9653754938,-5.7668923656,-5.5737609681,-5.3859473678,-5.2034073150,-5.0260872240,-4.8539250092,-4.6868508172,-4.5247875764,-4.3676512913,-4.2153509496,-4.0677878200,-3.9248537530,-3.7864278562,-3.6523704673,-3.5225126399,-3.3966379730,-3.2744516807,-3.1555272987,-3.0392149081,-2.9244781486,-2.8343364307,-2.7424894359,-2.6505727008,-2.5596569615,-2.4704345466,-2.3833432953,-2.2986495173,11.0826760591,10.6850698775
"Atmospheric fraction since 1850",0.4391439698,0.4602703449,0.4625295213,0.4651695568,0.4674263272,0.4692523757,0.4706797557,0.4717295076,0.4724260073,0.4727826317,0.4728035980,0.4724926530,0.4718501243,0.4708748686,0.4695616807,0.4678985249,0.4658679925,0.4634481320,0.4605984759,0.4572837202,0.4534605674,0.4490874358,0.4441198039,0.4385071855,0.4321906365,0.4251007451,0.4189914146,0.4137842177,0.4091557238,0.4049424021,0.3934541661,0.3841387639,0.3760569925,0.3687468012,0.3619700865,0.3556007445,0.3495698916,0.3438380657,0.3383809634,0.3331821039,0.3282290518,0.3235114696,0.3190201065,0.3147462714,0.3106815537,0.3068176758,0.3031464177,0.2996595804,0.2963489752,0.2932067578,0.2902265823,0.2873998299,0.2847175699,0.2821713195,0.2797530229,0.2774549434,0.2752696039,0.2731897725,0.2712084731,0.2693190050,0.2675149633,0.2657902578,0.2641391274,0.2625561506,0.2610362517,0.2595747027,0.2581671221,0.2568094698,0.2554980393,0.2542294471,0.2530006196,0.2518087788,0.2506514263,0.2495263254,0.2484314840,0.2473651357,0.2463257217,0.2453118728,0.2443223915,0.2433562353,0.2424125009,0.2414904102,0.2405892979,0.2397086019,0.2388478587,0.2380067036,0.2371848817,0.2363822747,0.2355989531,0.2348352728,0.2340920472,0.2333708536,0.2326488732,0.2319374864,0.2312408835,0.2305607450,0.2298977676,0.2292521984,0.2286240481,0.2419959995
"Atmospheric fraction since 2010",0.0000000000,0.6958237953,0.5950238973,0.5623289447,0.5452936759,0.5344374068,0.5266759325,0.5206356939,0.5156273937,0.5112427077,0.5072152177,0.5033700178,0.4995805692,0.4957525658,0.4918075170,0.4876713235,0.4832727327,0.4785417344,0.4733847632,0.4677213758,0.4614605507,0.4545140193,0.4467867455,0.4381701235,0.4285356193,0.4177283179,0.4084141442,0.4004766131,0.3934221435,0.3870011333,0.3690231569,0.3541521693,0.3409863326,0.3288338604,0.3173377109,0.3063092862,0.2956466734,0.2852929067,0.2752144125,0.2653898426,0.2558042800,0.2464462218,0.2373059934,0.2283749053,0.2196447928,0.2111077603,0.2027560355,0.1945818884,0.1865775898,0.1787359837,0.1710525642,0.1635186890,0.1561249969,0.1488627694,0.1417238968,0.1347006801,0.1277857142,0.1209718552,0.1142522340,0.1076202916,0.1010698192,0.0945949972,0.0881904297,0.0818511731,0.0755727578,0.0693512040,0.0631830311,0.0570652597,0.0509954095,0.0449714897,0.0389919853,0.0330558388,0.0271624269,0.0213115350,0.0155033277,0.0097383178,0.0040173337,-0.0016585141,-0.0072878666,-0.0128691493,-0.0184006025,-0.0238803099,-0.0293062202,-0.0346761614,-0.0399878412,-0.0452388244,-0.0504264744,-0.0555478325,-0.0605993940,-0.0655767055,-0.0704736541,-0.0752812058,-0.0800761253,-0.0848235981,-0.0895079815,-0.0941209225,-0.0986573167,-0.1031137882,-0.1074880232,-0.0607205388
"alpha",0.4941222756,0.5100865138,0.5386554814,0.5678158064,0.5988752326,0.6326430363,0.6689935727,0.7081349507,0.7499489345,0.7942045381,0.8408954748,0.8899405073,0.9413132015,0.9948693885,1.0502081878,1.1068014645,1.1642209462,1.2207123129,1.2759635079,1.3287821237,1.3787816964,1.4254567264,1.4681898132,1.5063011219,1.5390844242,1.5658345561,1.5858665038,1.6022367075,1.6167719351,1.6301541614,1.6426686006,1.6392736408,1.6294315342,1.6166194406,1.6021788831,1.5866803882,1.5704113860,1.5535517155,1.5362369272,1.5185811397,1.5006853465,1.4826405383,1.4645290141,1.4464250825,1.4283955715,1.4105002815,1.3927924251,1.3753190610,1.3579954586,1.3402697644,1.3227830557,1.3058081275,1.2893783612,1.2734704002,1.2580565645,1.2431162066,1.2286356108,1.2146056284,1.2010195450,1.1878716246,1.1751562330,1.1628673603,1.1509983940,1.1395420406,1.1284903322,1.1178346803,1.1075659517,1.0976745542,1.0881505238,1.0789836100,1.0701633543,1.0616791636,1.0535203764,1.0456763212,1.0381363686,1.0308899774,1.0239267333,1.0172363829,1.0108088623,1.0046343208,0.9987031411,0.9930059555,0.9875336600,0.9822774260,0.9772287121,0.9723792770,0.9677211969,0.9632468912,0.9589491649,0.9548212796,0.9508570739,0.9470511706,0.9433993366,0.9398792740,0.9364852611,0.9332144884,0.9300640769,0.9270306774,0.9241121675,0.9213097501
"IIRF",44.3098051182,44.6726961334,45.2946365725,45.8963202529,46.5041131782,47.1301303935,47.7677320785,48.4166564273,49.0714035167,49.7257566773,50.3777179431,51.0246681161,51.6651594193,52.2966830159,52.9144737976,53.5134752547,54.0907012228,54.6314587072,55.1366616557,55.5995717794,56.0211249986,56.4010739286,56.7381794020,57.0306487958,57.2763700017,57.4730235768,57.6181008735,57.7353044792,57.8383711130,57.9324460354,58.0197243735,57.9961131059,57.9273858391,57.8372946195,57.7348925922,57.6239564564,57.5063332536,57.3831468295,57.2552356792,57.1233122218,56.9880208697,56.8499594564,56.7096875199,56.5677299403,56.4245789584,56.2806956291,56.1365110662,55.9924275947,55.8477604664,55.6978125934,55.5479304206,55.4005274001,55.2560220051,55.1143406957,54.9753617607,54.8390171673,54.7052954383,54.5742231158,54.4458468461,54.3202205568,54.1973973205,54.0774245746,53.9603415342,53.8461779726,53.7349538342,53.6266793478,53.5213554322,53.4189742701,53.3195199715,53.2229692791,53.1292922852,53.0384531407,52.9504107428,52.8651193950,52.7825294315,52.7025878058,52.6252386391,52.5504237301,52.4780830246,52.4081550486,52.3405773055,52.2752866414,52.2122195854,52.1513126719,52.0925027583,52.0357273593,51.9809250306,51.9280358572,51.8770021361,51.8277694085,51.7802881026,51.7345162420,51.6904240489,51.6477610123,51.6064741205,51.5665445731,51.5279518568,51.4906688117,51.4546825243,51.4200205788
"cbox1",127.0843244019,138.9102068206,150.3571044424,162.4037703061,174.9758148541,187.9872325995,201.3423565437,214.9378623344,228.6648330900,242.4101944279,256.0583828020,269.4930590288,282.5987969252,295.2627791606,307.3761131191,318.8348929599,329.5411531119,339.4018693838,348.3286684269,356.2377895483,363.0499691928,368.6911773747,373.0927585965,376.1912013147,377.9275254776,378.2468371986,378.3047330326,378.3559707218,378.4013159517,378.4414463548,373.6747397131,368.9503894635,364.2730620611,359.6468507755,355.0758027868,350.5638950221,346.1149255424,341.7324303845,337.4196370265,333.1794446976,329.0144211972,324.9268090859,320.9185369475,316.9912332871,313.1462417280,309.3846367950,305.7072399136,302.1146354715,298.6071869441,295.1850532947,291.8481967754,288.5963593426,285.4291263647,282.3459500410,279.3461554687,276.4289461311,273.5934115548,270.8385365794,268.1632113341,265.5662412779,263.0463569463,260.6022232295,258.2324481138,255.9355908692,253.7101696928,251.5546688263,249.4675451701,247.4472344154,245.4921567189,243.6007219394,241.7713344594,240.0023976109,238.2923177265,236.6395078369,235.0423910353,233.4994035365,232.0089974452,230.5696432767,229.1798322599,227.8380784784,226.5429209231,225.2929255731,224.0866876847,222.9228345844,221.8000294470,220.7169768621,219.6724315178,218.6652122721,217.6942253971,216.7585036261,215.8572724153,214.9900645366,214.1495867280,213.3363446618,212.5503590183,211.7913329684,211.0587643842,210.3520213035,209.6703927943,212.9567801801
"cbox2",96.6409559874,106.3835278615,115.5719412519,125.3017671768,135.4948638052,146.0693422627,156.9383061388,168.0070104178,179.1762203375,190.3419724430,201.3967649639,212.2321544396,222.7401002487,232.8148273321,242.3537473477,251.2578741739,259.4327121526,266.7877645275,273.2334664425,278.6851491870,283.0611673861,286.2855781133,288.2880450042,289.0034379342,288.3711662352,286.3347585511,284.0855446299,281.8764244049,279.7016595604,277.5583990278,270.4945600410,263.5450071382,256.6931745689,249.9349209809,243.2706175473,236.7022751809,230.2324298177,223.8636914039,217.5985562727,211.4393282643,205.3880864615,199.4466737268,193.6166949668,187.8995202099,182.2962902327,176.8079236561,171.4351249811,166.1783933210,161.0380317840,156.0140194310,151.1055144836,146.3121445271,141.6336539920,137.0696622061,132.6196079659,128.2827516525,124.0581918895,119.9448835211,115.9416535780,112.0472149145,108.2601779525,104.5790610286,101.0022997299,97.5282554861,94.1552235933,90.8814407794,87.7050923788,84.6243191587,81.6372238211,78.7418771962,75.9363241346,73.2185891042,70.5866814957,68.0386006402,65.5723405436,63.1858943478,60.8772585214,58.6444368057,56.4854439369,54.3983091868,52.3810797888,50.4318243568,48.5486364726,46.7296387349,44.9729877527,43.2768808900,41.6395661070,40.0593571907,38.5346582060,37.0640038793,35.6461274705,34.2800775421,32.9578617471,31.6796180181,30.4449602900,29.2531668483,28.1033023353,26.9942988861,25.9250106944,28.9595029589
"cbox3",37.0602474147,43.4644580234,48.1138520025,52.9759617418,57.9697013898,63.0379837911,68.1331740572,73.1985408637,78.1760849547,83.0009402881,87.6015433227,91.9053418121,95.8389031201,99.3302606057,102.3084157141,104.7017697790,106.4391594946,107.4509350482,107.6578619532,106.9885702382,105.3723383626,102.7481415410,99.0637148105,94.2747907679,88.3446048467,81.2441113697,74.5209109308,68.4270681491,62.8846898655,57.8335705318,46.9824007969,37.0875852548,28.0388472055,19.7682034169,12.2233440121,5.3591197557,-0.8655021086,-6.4887067507,-11.5464740021,-16.0729680721,-20.1008041191,-23.6612412475,-26.7843242996,-29.4989868480,-31.8331236550,-33.8136388457,-35.4664748387,-36.8166262384,-37.8881422053,-38.7037997404,-39.2838456079,-39.6492621609,-39.8207704606,-39.8181269920,-39.6599473789,-39.3636941673,-38.9457060912,-38.4212322825,-37.8044635354,-37.1085610568,-36.3456847370,-35.5270226631,-34.6628229183,-33.7624281330,-32.8343128313,-31.8861233486,-30.9247199335,-29.9562205513,-28.9860458756,-28.0189649414,-27.0591409536,-26.1101767812,-25.1751597082,-24.2567050622,-23.3569983979,-22.4778359571,-21.6206631975,-20.7866111990,-19.9765308226,-19.1910245094,-18.4304756284,-17.6950752691,-16.9848463346,-16.2996646914,-15.6392769482,-15.0033141089,-14.3912997848,-13.8026506350,-13.2366650837,-12.6924932328,-12.1690756840,-11.6650281090,-11.1879612405,-10.7342666578,-10.3013642394,-9.8873805039,-9.4909173194,-9.1108935902,-8.7464389304,-3.2717041974
"cbox4",5.6827529778,15.5781635186,16.1523188793,17.1864605132,18.2070587756,19.1610999155,20.0356861169,20.8158656880,21.4897984995,22.0429131789,22.4590520220,22.7240413583,22.8239298224,22.7461521968,22.4781781260,22.0063040715,21.3170012537,20.3970589588,19.2258027713,17.7918749620,16.0839809522,14.0987292070,11.8374888020,9.3053687045,6.5109577489,3.4668241305,1.7245288628,0.8941090109,0.4906736609,0.2902141057,-5.9186267628,-8.9250674371,-10.3410674506,-10.9514196664,-11.1502224683,-11.1368400018,-11.0122682954,-10.8278288159,-10.6098633691,-10.3722056834,-10.1224381020,-9.8650074891,-9.6027657310,-9.3377264126,-9.0714348749,-8.8051493404,-8.5399306241,-8.2766880433,-8.0162044617,-7.7588806337,-7.5039592198,-7.2527782577,-7.0066224533,-6.7661772617,-6.5317371029,-6.3034150792,-6.0812541548,-5.8652710760,-5.6554685071,-5.4518357107,-5.2543467287,-5.0629591524,-4.8776140816,-4.6982370564,-4.5247395814,-4.3570209278,-4.1949700030,-4.0384671582,-3.8873858688,-3.7415942573,-3.6009564467,-3.4653337521,-3.3345857169,-3.2085710048,-3.0871481611,-2.9701762475,-2.8575153747,-2.7490271153,-2.6445748096,-2.5440237482,-2.4472412022,-2.3540962490,-2.2644592973,-2.1782011418,-2.0951912653,-2.0152949021,-1.9383680543,-1.8642490378,-1.7927442309,-1.7236037491,-1.6564797608,-1.5908530572,-1.5352279841,-1.4821513683,-1.4300118081,-1.3787267908,-1.3285220506,-1.2796164819,-1.2321614014,3.8281698190
"Objective",4548.5006634009
